0.000195
0.000292
0.000292
0.000292
0.008259
0.008064
0.007967
0.008161
0.008551
0.000584
0.000584
0.000584
0.000389
0
0.024706
0.05176
0.079758
0.102415
0.136127
0.137296
0.133723
0.12893
0.126401
0.120564
0.121086
0.125714
0.132155
0.139416
0.137162
0.135505
0.133992
0.128063
1.222583
7.817434
11.814406
16.298215
24.204452
30.762894
31.940193
34.098695
34.951872
29.375905
22.447399
18.770436
17.848261
17.794676
20.748
25.304323
26.500276
24.084069
19.420676
14.536812
10.25189
6.674775
7.2484
10.569463
11.012837
16.66421
23.385533
28.594842
33.454062
41.232681
42.584204
39.621571
31.98508
23.937896
16.007943
8.579463
3.584968
3.036482
2.677683
2.355532
2.145729
2.011815
1.923565
1.846302
1.792729
1.633853
3.594161
13.001045
20.333047
26.989009
33.481377
41.803624
42.669428
42.795953
41.543795
36.161749
26.973965
18.559247
13.03108
9.993231
13.928103
18.08248
21.70592
26.266464
30.448767
31.947199
34.069778
35.813391
36.629844
37.637
39.172933
39.822181
40.617182
41.253116
39.842158
34.408511
28.234224
22.121789
16.117963
11.929659
11.150655
11.093839
10.984149
9.497696
7.943261
6.575818
5.115216
3.668233
3.535667
3.474541
3.377135
3.262753
3.11812
3.043361
2.995345
2.986775
2.937589
2.849593
2.723792
2.665794
2.654057
2.696147
2.756778
2.716913
2.487768
2.160301
1.821556
3.328
13.653294
26.779485
35.22345
39.499127
41.551628
34.115594
24.801157
20.647975
21.039467
24.710911
28.929124
28.341104
24.572686
20.306979
13.3205
6.575093
3.599235
3.2243
2.938402
3.050648
3.833098
4.557702
4.992327
5.876595
6.076404
5.412608
4.96116
5.271815
5.391665
4.985104
4.33948
3.598752
2.546656
1.468416
1.262173
1.494624
1.830025
2.23815
2.52495
2.656142
2.806472
2.981218
3.092878
3.132985
3.103547
3.055086
3.067522
3.067459
3.076856
3.109409
3.118666
3.087143
3.041454
2.991441
2.945549
2.932121
2.908863
2.913568
2.970854
3.049503
3.163173
3.215144
3.208315
3.140233
3.035528
2.852696
2.737971
2.681193
2.662055
2.676526
2.722266
2.752327
2.776869
2.805875
2.799199
2.758647
2.7044
2.621605
2.517269
2.408991
2.300751
2.236242
2.222674
2.222674
2.239599
2.262565
2.259297
2.231245
2.207033
2.199226
2.200688
2.196619
2.195881
2.196085
2.194699
2.189625
2.192397
2.190159
2.196047
2.193694
1.999124
1.943962
1.909361
1.859806
1.810137
1.940795
1.937222
1.907644
1.882352
1.839855
1.817042
1.805483
1.807581
1.831564
1.799544
1.715936
1.577686
1.400677
1.191255
1.065505
0.980434
0.919791
0.890404
0.88285
0.890365
0.918481
0.958664
1.704339
2.513353
3.209053
3.696183
4.018321
3.552885
2.908469
2.891187
3.854919
4.7547
6.451657
8.568171
9.70446
9.352414
9.004258
8.083546
6.716903
5.705639
5.272705
5.003454
4.620723
4.302883
4.136238
4.078964
4.096729
4.023471
3.961276
3.891465
3.888616
3.912853
3.934763
3.934674
4.020241
4.132766
4.240396
4.321385
4.399818
4.500314
4.592824
4.821447
5.070252
5.138079
5.000542
4.794667
4.722071
4.784151
4.887457
4.88218
4.749232
4.322237
3.933632
3.701257
3.662231
3.67819
3.729766
3.720293
3.788324
3.857881
4.352552
4.860232
4.809304
4.728569
4.628149
4.18976
3.814049
4.013273
4.21401
4.392621
4.50156
4.514047
4.502832
4.411186
4.332499
4.26139
4.206495
4.122937
4.040841
3.946729
3.865549
3.788591
3.754486
3.740461
3.73971
3.746399
3.758734
3.779423
3.812841
3.852986
3.909547
3.977451
4.042405
4.117621
4.19444
4.275721
4.336441
4.382779
4.411047
4.432168
4.439861
4.466896
4.452018
4.389022
4.324411
4.261428
4.182652
4.152642
4.167214
4.181863
4.186518
4.216553
4.24683
4.305172
4.385716
4.492671
4.60788
4.816285
5.074422
4.486606
3.609154
2.694189
1.692513
0.608754
0.722919
1.538355
2.371644
3.224973
4.124361
4.577959
4.551738
4.535754
4.610741
4.111022
4.044745
4.14093
4.214531
4.16031
4.62099
4.705692
4.648533
4.214417
4.212382
4.284991
4.385919
4.532613
4.808858
4.873253
4.989161
5.11486
5.247426
5.658653
5.883436
6.030638
6.177332
6.299331
6.398288
6.487886
6.564348
6.63716
6.737097
6.814258
6.560304
6.194359
5.8276
5.492631
5.239809
5.337723
5.635357
5.947284
6.244626
6.508842
6.728933
6.877178
6.977292
7.032556
7.055
7.051198
7.075537
7.083014
7.053818
6.99966
6.923719
6.831667
6.711067
6.589806
6.460279
6.341307
6.216205
6.105308
5.994461
5.891308
5.812226
5.76351
5.718813
0
0.04287
0
0.239209
1.419854
3.045996
5.051333
7.255322
9.30956
10.458464
11.107547
10.729153
9.161188
7.362006
5.484925
3.658416
2.483431
2.284767
2.237221
2.025536
1.947077
1.89976
1.866673
1.845183
2.038481
2.098285
2.126566
2.145716
2.150981
2.148717
2.150663
2.155139
2.157618
2.159564
2.160314
2.159284
2.15725
2.156906
2.152214
2.153142
2.150891
2.153384
2.135658
2.119241
2.0977
2.073488
2.045818
2.057097
2.069559
2.099264
2.133203
2.164053
2.20093
2.25243
2.288785
2.3286
2.368363
2.382135
2.38333
2.384156
2.381105
2.380799
2.315782
2.172662
2.024658
1.878359
1.747777
1.684641
1.713876
1.755229
1.810798
1.860823
2.023527
2.293211
2.574466
2.838899
3.114903
3.272252
3.281624
3.259689
3.2258
3.165106
3.17552
3.333023
3.445014
3.499973
3.526155
3.454144
3.207552
2.996757
2.832299
2.691506
2.563403
2.474072
2.394291
2.323577
2.253854
2.187082
2.091011
1.948768
1.862998
1.860073
1.932415
2.121924
2.430761
2.761661
3.089826
3.397341
3.519098
3.636633
3.87351
4.27492
4.705934
5.352321
5.97456
6.34151
6.004291
5.549994
5.044323
4.457219
3.988769
3.988692
4.031012
4.013031
4.044376
3.989888
3.953151
3.888171
3.811607
3.736658
3.690448
3.655644
3.674095
3.71836
3.785399
3.87838
3.975264
4.121436
4.252247
4.213298
4.032716
3.920687
3.882513
4.000798
4.47698
5.158934
5.52816
5.832788
6.476823
7.346747
8.351767
10.003175
12.636791
13.360695
13.468477
14.750786
19.220588
22.052168
25.689978
28.911855
30.024391
26.91308
23.961383
21.29571
19.073653
17.210737
15.476103
13.417727
11.205029
8.986583
7.088596
5.397565
4.647236
4.404523
4.319427
4.317672
4.560309
4.742111
4.928174
5.149143
5.399536
5.647272
5.877472
6.100297
6.310851
6.492057
6.663165
6.825792
6.528336
6.036615
5.663561
5.43832
5.415864
5.982075
6.826237
7.634895
8.346045
8.892051
9.358199
9.74107
9.985487
10.088742
10.069363
9.899856
9.613374
9.280847
8.949108
8.635312
8.220003
7.743109
7.30809
6.935761
6.63201
6.495286
6.498351
6.553259
6.608117
6.645782
6.799088
7.039042
7.255343
7.444598
7.59784
7.598488
7.450981
7.229059
6.951453
6.565747
5.811285
4.982345
4.403773
4.105389
4.140511
4.757523
5.619729
6.399992
7.060812
7.568796
7.906435
8.08647
8.158863
8.127671
8.022813
7.876603
7.735467
7.568237
7.408344
7.272535
7.147587
7.013635
6.894586
6.780141
6.663432
6.543824
6.451835
6.38079
6.334656
6.302052
6.301709
5.624167
5.365648
5.194056
5.077017
4.980476
5.564554
5.730919
5.814553
5.82676
5.815316
5.791613
5.743381
5.673518
5.598226
5.510624
5.431543
5.345264
5.280475
5.247197
5.211452
5.167314
5.157866
5.159214
5.157077
5.163232
5.183883
5.198583
5.201279
5.131276
4.68391
4.650746
4.631341
4.61846
4.676407
5.131314
5.156531
5.174677
5.18579
5.188766
5.985115
7.919113
9.714035
11.220441
12.355675
12.328411
10.898328
9.377871
7.996644
6.808778
5.866371
5.150872
4.58569
4.14519
3.818055
3.55057
3.353559
3.195447
3.079895
2.549161
2.162056
1.740478
1.319294
0.976072
1.3594
1.689524
2.085352
2.498958
2.867141
2.954857
3.006332
3.049554
3.099096
3.14228
3.189152
3.225749
3.261774
3.29921
3.328025
3.354513
3.399261
3.453394
3.489228
3.536697
3.586951
3.613579
3.631127
3.648586
3.653686
3.652414
3.35712
2.93872
2.707426
2.639726
2.725738
3.216326
3.930503
4.527704
5.028797
5.418979
5.735904
5.96248
6.117897
6.198008
6.216816
6.182215
6.115061
6.018749
5.90939
5.790151
5.662633
5.54389
5.437786
5.340533
5.258794
5.179585
5.111274
5.035079
4.957014
4.902297
5.038639
5.316296
5.566766
5.778287
5.909695
5.815418
5.532
5.2584
4.998914
4.779115
4.482664
4.140612
3.843372
3.614876
3.486532
3.552796
3.760667
3.978024
4.181215
4.301751
4.370876
4.415395
4.442405
4.44182
4.448025
4.442989
4.420558
4.383554
4.358224
4.348928
4.364594
4.402056
4.455947
4.496715
4.513971
4.49173
4.447453
4.379816
4.309279
4.23681
4.137764
4.014125
3.906127
3.8237
3.760832
3.750252
3.76691
3.789876
3.802465
3.817724
3.846984
3.895712
3.934712
3.975442
4.00427
3.718131
3.601702
3.56349
3.524833
3.493475
3.735031
3.789456
3.760984
3.729474
3.702414
3.693322
3.665079
3.65338
3.641084
3.627986
3.632005
3.659917
3.678787
3.709115
3.733963
3.741287
3.744644
3.747175
3.735806
3.734675
3.744962
3.740308
3.742851
3.76321
3.779245
3.790766
3.826434
3.868004
3.902274
3.936353
3.977299
4.016185
4.051256
4.081609
4.108199
4.132932
4.155757
4.181075
4.210793
4.230732
4.252324
4.255248
4.258338
4.256202
4.255871
4.260271
4.274971
4.284979
4.298064
4.31902
4.531863
5.162418
5.841193
6.50551
7.089804
7.417207
7.265758
7.06703
6.878017
6.757913
6.715683
5.973314
5.496141
4.987724
4.425924
3.826384
3.950887
3.744174
3.557221
3.374986
3.2067
3.037423
2.88666
2.719659
2.407274
2.272076
2.160988
2.052558
1.967334
1.872548
1.773349
1.689702
1.615796
1.555458
1.690758
1.660493
1.617551
1.54882
1.339843
1.168378
1.085914
1.034668
0.963661
1.030141
1.109134
1.167539
1.250029
1.33435
1.397371
1.472625
1.581017
1.716317
1.972204
2.29335
2.608406
2.905302
3.156713
3.390995
3.629665
3.856063
4.043588
4.223369
4.38578
4.513907
4.62319
4.712343
4.788729
4.842302
4.904993
4.931696
4.9385
4.923876
4.903441
4.850071
4.815623
4.797223
4.774182
4.74777
4.723902
4.681226
4.616667
4.558617
4.47492
4.383923
4.322631
4.271894
4.223127
4.219732
4.229371
4.231609
4.239735
4.259292
4.287204
4.30376
4.314137
4.306062
4.259216
4.181762
4.111441
4.038654
3.989888
3.97267
3.95352
3.947022
3.943766
3.930007
3.929003
3.933962
3.92852
3.901714
3.887586
3.882716
3.889074
3.884471
3.896144
3.909649
3.901765
3.900659
3.911569
3.922861
3.933365
3.946182
4.008212
4.076561
4.1524
4.227273
4.293473
4.292011
4.263018
4.23887
4.195966
4.142977
4.081355
4.039862
3.988019
3.942571
3.921945
3.926193
3.924934
3.924641
3.938629
3.942291
3.95427
3.972429
3.990943
4.010908
4.026218
4.015129
4.015295
4.023433
4.045406
4.07487
4.109331
4.131546
4.158911
4.180732
4.200493
4.235983
4.274501
4.29889
4.310767
4.341464
4.415141
4.489136
4.568015
4.636974
4.679764
4.651178
4.609914
4.553188
4.506837
4.448381
4.40446
4.355172
4.330121
4.293295
4.272682
4.258758
4.26635
4.257728
4.233199
4.244554
4.306647
4.370062
4.437878
4.512687
4.555858
4.541667
4.498953
4.466374
4.451764
4.420622
4.38096
4.357702
4.32403
4.291744
4.253265
4.223407
4.198
4.174081
4.133211
4.129956
4.206304
4.277463
4.348292
4.435118
4.501242
4.485131
4.454396
4.422122
4.375658
4.356583
4.428048
4.529014
4.624296
4.723864
4.78775
4.75498
4.693676
4.632664
4.576662
4.591781
4.835575
5.149638
5.469996
5.560192
5.595556
5.582445
5.487112
5.365813
5.440762
5.494856
5.366449
5.234938
5.11224
5.009786
4.901712
4.770863
4.663386
4.558427
4.450149
4.346309
4.261149
4.174895
4.096233
4.013006
3.937586
3.869568
3.805186
3.762866
3.74261
3.321464
3.196324
3.072698
2.927428
2.759995
2.999058
2.944608
2.89415
2.859613
2.838568
2.809766
2.788441
2.763746
2.7456
2.720727
2.719812
2.706002
2.71058
2.701997
2.703217
2.6919
2.690577
2.672838
2.66367
2.671859
2.682414
2.653535
2.912283
3.840282
5.083222
6.477229
7.997407
9.285921
9.938831
10.305908
10.536312
10.691284
10.803771
10.897603
10.950642
10.981428
10.973061
10.921535
10.838461
9.61841
8.896413
8.698562
8.508023
8.276488
7.934042
6.610482
4.731532
2.880722
1.10303
0.569677
0.517108
0.500603
0.480448
0.436958
0.405308
0.389909
0.402116
0.431719
0.473161
0.520745
0.5666
0.623453
0.685229
0.748593
0.808156
0.87901
0.942794
0.996202
1.050563
1.110647
1.163114
1.213292
1.258243
1.299291
1.346252
1.399304
1.45116
1.513279
1.574151
1.615834
1.663622
1.704262
1.734374
1.770552
1.805267
1.831386
1.866736
1.896225
1.919267
1.940045
1.955711
1.97312
1.77507
1.50545
1.3738
1.254663
1.151662
1.272384
1.498897
1.594484
1.689944
1.778588
1.871174
1.944318
2.020869
2.094114
2.15744
2.220309
2.278994
2.339853
2.384894
2.433139
2.464065
2.48923
2.503498
2.517371
2.541989
2.55173
2.552111
2.57439
2.598385
2.599301
2.617294
2.645715
2.689929
2.741773
2.783939
2.822647
2.853891
2.830442
2.793794
2.768044
2.745982
2.721261
2.716404
2.71751
2.700483
2.683024
2.66985
2.650038
2.608304
2.585695
2.56554
2.540412
2.521529
2.523703
2.524123
2.521974
2.523068
2.522165
2.505774
2.489879
2.476209
2.462361
2.449606
2.503803
2.589586
2.671414
2.742637
2.772673
2.750318
2.674428
2.573004
2.477455
2.408419
2.378002
2.367193
2.384945
2.408025
2.431015
2.412183
2.395296
2.365769
2.321771
2.280418
2.248768
2.217778
2.203422
2.196288
2.192435
2.181652
2.164396
2.147115
2.1514
2.153753
2.158127
2.143923
2.126667
2.086179
1.933598
1.895259
1.882861
1.88136
1.879529
2.006805
2.017919
2.007339
1.993478
1.993478
1.993008
2.009017
2.049518
2.075625
1.969292
1.834285
1.686867
1.55163
1.446277
1.46291
1.534387
1.628487
1.711243
1.789371
1.862794
1.91151
1.935925
1.969839
1.984412
2.002418
2.016253
2.03431
2.02743
2.053626
2.078384
2.101782
2.131258
2.169037
2.176642
2.194063
2.210581
2.217079
2.21596
2.217995
2.214129
2.209042
1.964641
1.981477
2.00738
2.03163
2.057443
2.328727
2.336026
2.316252
2.295258
2.27392
2.248361
2.233101
2.254884
2.272763
2.295372
2.321059
2.317359
2.289955
2.268618
2.239192
2.200357
2.198348
2.219584
2.241659
2.234933
2.131754
2.093453
2.045233
2.009005
2.006996
2.124022
2.149302
2.155978
2.197051
2.236776
2.215731
2.425891
2.715298
2.945091
3.15988
3.405009
3.430962
3.087436
2.472318
1.865592
1.479237
1.199406
1.21909
1.522981
1.827393
1.911968
1.88927
1.914918
1.9315
1.987031
2.133114
2.341659
2.532363
2.730277
2.901691
2.991136
3.000241
3.004743
3.009206
3.171629
3.47538
3.837447
4.202311
4.574741
4.81116
5.18134
5.747501
6.411614
7.139766
7.89817
8.327619
8.165578
7.617181
6.841229
5.996089
5.198901
4.746956
4.548673
4.452819
4.381342
4.304498
4.204892
4.094618
3.995407
3.892724
3.821412
3.776473
3.757004
3.745191
3.748052
3.772874
3.821094
3.96279
4.225721
4.476369
4.657625
4.753543
4.541985
4.003723
3.308493
2.617002
1.968974
1.528525
1.268175
1.192908
1.155421
1.153132
1.148134
1.159821
1.112262
1.123376
1.213139
1.349049
1.504174
1.819877
2.344673
2.976729
3.744848
4.64365
5.524294
6.322093
7.965362
9.988335
12.321557
14.742851
17.082241
18.206005
18.880049
19.128879
19.165425
19.311966
19.903419
20.590575
20.941044
21.376013
21.797159
26.656659
34.223936
40.648718
44.969067
47.33207
43.589746
35.624213
28.472767
22.791701
18.42883
15.235615
12.844623
10.973964
9.503176
8.324072
7.367372
6.570909
5.925234
5.388079
4.951991
4.514899
3.885806
3.623447
3.959089
5.360968
7.951565
11.577854
15.419554
19.16395
21.825999
23.75336
25.061266
25.690512
26.068105
26.383275
26.245445
25.847366
25.804576
25.301105
24.769736
24.242639
23.935519
23.428004
23.20317
22.743342
22.401506
21.903555
21.333554
20.876675
21.120049
21.101319
21.05788
21.025607
20.917647
20.562281
20.129156
19.635935
19.181219
18.754312
18.298858
18.132747
18.06408
18.261778
18.664473
18.948653
19.000319
18.91671
18.709399
18.126287
17.586042
17.326683
17.300704
17.067859
16.910077
16.861921
16.723073
16.424994
16.268484
16.010867
15.611313
15.35371
15.174234
15.115307
14.897429
14.559625
14.05829
13.600725
12.940745
12.569827
12.502368
12.661002
12.964028
13.339548
13.618159
13.584767
13.429108
13.142995
12.845641
12.632454
11.022603
10.582459
10.22642
9.861873
9.524489
10.70353
10.346473
9.17009
7.661599
6.226136
5.160727
4.626585
5.031912
5.703401
6.376607
7.330419
8.188085
8.890805
9.652413
10.49796
10.285664
10.254383
10.340445
10.712088
11.566803
13.191825
11.480435
9.939442
12.433383
14.498155
16.195023
20.668334
24.58052
23.688635
20.723293
16.716168
12.382951
8.34513
4.687165
2.806434
2.584728
2.634283
2.707159
2.810427
2.900229
2.950381
2.951958
2.933901
2.906396
2.921604
2.961444
2.982566
2.986762
2.951793
2.866442
2.766328
2.670893
2.581753
2.505227
2.422
2.342473
2.164739
1.80416
1.475397
1.19437
0.960266
0.894168
1.069167
1.286842
1.505305
1.726185
1.91928
2.168554
2.536292
3.014979
3.773434
4.738754
5.489414
5.946877
6.276874
6.299292
6.080778
5.949471
5.933907
5.868571
5.750565
5.649396
5.604203
5.546547
5.498086
5.462608
5.406797
5.274422
5.141348
5.016996
4.895837
4.767684
4.636046
4.490141
4.35933
5.081518
7.625243
10.996967
13.495703
15.546677
16.656199
15.910143
14.382209
14.09841
14.443844
14.916249
15.442036
15.684711
15.251904
14.467038
13.585453
12.721467
12.332989
12.502279
12.78253
13.104147
13.158916
12.583065
11.650107
10.664911
9.698166
9.063528
8.807565
8.684091
8.622367
8.554386
8.369939
8.167956
9.092089
8.959612
8.715195
8.455188
8.169316
6.596214
5.260396
3.944046
2.723906
1.525524
0.575221
0.431669
0.507787
1.227407
1.775333
2.389752
2.717281
3.355187
3.318653
3.440576
3.477987
3.795789
3.694543
3.596641
3.512422
3.433417
3.344391
3.251143
3.159206
3.064127
2.977492
2.899199
2.8294
2.760593
2.689967
2.618617
2.572254
2.524225
2.476145
2.435759
2.384462
2.322038
2.261636
2.201603
2.142499
2.088938
1.940325
1.68
1.39924
1.109147
0.83065
0.649865
0.584275
0.539629
0.504812
0.485788
0.448479
0.416765
0.399789
0.385318
0.366524
0.371241
0.369448
0.371814
0.364553
0.365812
0.3622
0.360369
0.3629
0.348493
0.316873
0.303674
0.306128
0.304996
0.327516
0.358551
0.391625
0.497805
0.636844
0.7946
0.967527
1.125334
1.200474
1.249406
1.289945
1.308739
1.324634
1.342284
1.350143
1.347702
1.349431
1.35116
1.350245
1.348821
1.355636
1.353704
1.354212
1.342017
1.327953
1.30247
1.287656
1.270273
1.263254
1.253081
1.255179
1.254263
1.251402
1.13415
1.17652
1.219641
1.261947
1.289541
1.423668
1.397091
1.371672
1.34732
1.33997
1.340581
1.341801
1.333269
1.331132
1.328996
1.332048
1.351656
1.389461
1.411041
1.414398
1.429479
1.450079
1.466051
1.480089
1.502533
1.512897
1.495247
1.462948
1.429555
1.40921
1.395718
1.380229
1.293302
1.142577
0.968862
0.784313
0.621991
0.547869
0.54277
0.565938
0.609745
0.664336
0.724928
0.809173
0.919091
1.053628
1.200169
1.375359
1.57794
1.804644
2.058305
2.341303
2.655405
2.987894
3.343284
3.713884
4.097237
4.484648
4.885944
5.296764
5.716219
6.150043
6.590963
7.012465
7.40135
7.756843
8.068897
8.328573
8.545905
8.717992
8.839915
8.934396
8.996578
9.056166
9.119212
9.191643
9.245827
9.284637
9.295382
9.375773
9.82979
10.572032
11.507724
12.544917
13.540934
14.153471
14.455161
14.539164
14.501524
14.392305
14.243527
14.071782
13.88338
13.68895
13.468821
13.22509
12.987947
12.7631
12.549265
12.324266
12.049101
11.739387
11.423365
11.104393
10.828453
10.637673
10.509329
10.379573
10.19468
9.997783
9.841019
9.716884
9.647861
9.648166
9.783733
9.983758
10.213017
10.45114
10.715254
10.867212
10.758769
9.963107
8.82669
7.577341
6.310572
5.242771
4.884291
4.862915
4.870138
4.84529
4.764021
4.606303
4.454269
4.467214
4.623533
4.853721
5.119565
5.28064
5.271192
5.149842
4.971778
4.795685
4.784838
4.896409
5.062418
5.243687
5.306861
5.211375
5.039656
4.852246
4.69407
4.708948
4.853937
5.058133
5.230691
5.255246
5.110956
4.881976
4.604624
4.388552
4.373852
4.513017
4.707396
4.91748
4.998812
4.917963
4.734469
4.52305
4.345787
4.337306
4.476395
4.672821
4.819133
4.850021
4.768625
4.612483
4.425772
4.376026
4.073395
3.273732
3.31436
3.413826
3.245579
3.317043
3.97768
3.886595
3.826905
4.049692
4.309368
4.478277
4.580133
4.709978
5.820784
7.647013
9.88714
12.33997
14.900176
16.301304
17.253146
17.681807
17.633689
17.200921
16.617593
15.703836
14.983784
14.454195
14.013593
13.73441
13.551845
13.262527
12.96015
12.650613
12.317654
11.921902
11.472984
10.967924
10.451801
9.944287
9.112282
7.961229
6.881616
5.887137
5.050274
4.655845
4.705552
5.031378
5.778973
6.634109
7.596937
8.593082
9.497429
10.051484
10.477818
10.766958
11.037761
11.226507
11.352702
11.436425
11.514019
11.536437
10.112979
9.659992
9.202808
8.732718
8.207426
9.062994
8.899986
8.70225
8.469392
8.235135
7.990464
7.752977
7.496136
7.252533
6.949939
6.385076
5.759136
5.143649
4.529917
4.031724
3.831419
3.70942
3.611188
3.5479
3.469314
3.4148
3.377669
3.339584
3.301385
3.274299
3.218997
3.172303
3.150864
3.121896
3.054119
2.99593
2.926487
2.870117
2.820142
2.816048
2.843362
2.875877
2.904387
2.945231
3.024656
3.242929
3.514711
3.805148
4.095279
4.3708
4.505477
4.590217
4.669693
4.742442
4.804878
4.854395
4.898177
4.927958
4.939809
4.937876
4.938309
4.941462
4.935359
4.934138
4.934952
4.939542
4.952386
4.962126
4.964262
4.977029
4.988957
4.97867
4.980959
4.976584
4.962902
4.927576
4.903886
4.885448
4.887584
4.892009
4.912304
4.9363
4.938639
4.939352
4.979547
5.42507
6.15429
7.021849
7.944914
8.877593
9.400443
9.637802
9.738781
9.756863
8.493438
8.304171
8.18408
8.058876
7.950586
9.06686
9.079983
8.983658
8.883404
8.774249
8.6537
8.510427
8.366976
8.223423
8.083469
7.974454
7.890642
7.82509
7.787921
7.762412
7.725612
7.717079
7.718567
7.713913
7.698679
7.695474
7.656576
7.61474
7.562336
7.50828
7.17307
5.902104
4.568091
3.257997
2.067029
1.136067
1.289284
1.665847
2.124111
2.618884
3.071273
3.442051
3.74055
3.962001
4.119325
4.254854
4.382969
4.492277
4.57834
4.670519
4.725898
4.751127
4.75629
4.777755
4.784037
4.796765
4.813627
4.853479
4.877742
4.880031
4.875466
4.865979
4.84206
4.816094
4.798965
4.771002
4.744591
4.717404
4.712483
4.700682
4.705158
4.704548
4.709126
4.693574
4.692658
4.407829
3.682208
3.468157
3.136253
3.091352
3.361341
4.141057
4.453557
4.880018
5.03003
5.14618
5.197489
5.211439
5.204699
5.196574
5.183006
5.16781
5.150389
5.113397
5.101266
5.080831
5.052652
5.023354
5.007319
4.971142
4.948545
4.938817
4.930857
4.905501
4.884138
4.838156
4.787966
4.740509
4.719006
4.694553
4.682422
4.667239
4.65278
4.633961
4.618193
4.624525
4.63611
4.635893
4.636873
4.637292
4.612712
4.589403
4.57848
4.557956
4.531532
4.522249
4.511962
4.498546
4.491794
4.479536
4.471257
4.458452
4.454281
4.45212
4.443549
4.437738
4.434559
4.426776
4.419388
4.404154
4.382575
4.360157
4.332079
4.305477
4.305172
4.302629
3.823745
3.820795
3.818048
3.818455
3.823745
4.303443
4.309445
4.316159
4.318002
4.315154
4.316171
4.313933
4.307117
4.292201
4.294033
4.292405
4.283631
4.275086
4.283173
4.265167
4.098751
3.982004
3.975531
3.967495
3.972886
4.118613
4.236441
4.230846
4.212319
4.206507
4.21312
4.215256
4.231901
4.249017
4.24889
4.24594
4.244592
4.23826
4.268321
4.464238
4.729128
5.006467
5.262291
5.451304
5.45283
5.322858
5.114021
4.954789
4.848991
4.729878
4.662635
4.637127
4.54393
4.41186
4.296868
4.170114
4.073662
3.996093
3.943703
3.898891
3.868309
3.837154
3.820458
3.800735
3.784649
3.766745
3.752655
3.748993
3.740206
3.74055
3.740283
3.723281
3.670585
3.602172
3.085732
2.350329
1.627584
0.940811
0.262213
0.028005
0.016926
0.010111
0.001265
0.001265
0.002977
0.491686
1.19798
1.922803
2.653106
3.401372
3.661455
3.708352
3.748917
3.780974
3.780249
3.969249
4.235398
4.378951
4.357651
4.303455
4.043728
3.70305
3.475799
3.42215
3.415716
3.423371
3.435286
3.459421
3.483569
3.528482
3.583047
3.650049
3.708937
3.805364
3.915371
4.004092
4.097416
4.182855
4.255948
4.30919
4.401535
4.511428
4.651293
4.798533
4.969107
5.172362
5.369831
5.576608
5.772997
5.957203
6.120974
6.301124
6.513242
6.822104
7.175371
7.494496
7.83408
8.096821
8.264166
8.388733
8.54579
8.681739
8.824516
8.963859
9.0854
9.175329
9.229003
9.276053
9.297124
9.30806
9.291363
9.277223
9.260539
9.245318
9.205898
9.109523
8.97421
8.80127
8.626118
8.472533
8.36723
8.292714
8.248754
8.206651
8.167892
8.149771
8.142981
8.138111
8.141913
8.146834
8.162424
8.201755
8.262182
8.297037
8.310033
8.312258
8.306765
8.295867
8.331905
8.391645
8.437067
8.45534
8.462779
8.435796
8.400089
8.377238
8.346795
8.30473
8.257744
8.213632
8.163429
8.117981
8.064332
8.008546
7.950255
7.416368
7.276376
7.21881
7.1616
7.095857
7.513519
7.547954
7.52827
7.508077
7.495106
7.47181
7.429224
7.368593
7.316635
7.250854
7.194331
7.132009
7.079822
7.019001
6.973782
6.932328
6.920603
6.896824
6.870756
6.852597
6.820006
6.77878
6.757951
6.748999
6.734553
6.730904
6.708676
6.675461
6.646214
6.621342
6.601606
6.595019
6.587567
6.571952
6.554862
6.534783
6.529467
6.525106
6.529429
6.50607
5.786781
5.697514
5.63434
5.585039
5.563384
6.235229
6.257151
6.255104
6.249242
6.25223
6.282304
6.326441
6.341345
6.333295
6.315417
6.272767
6.233219
6.218163
6.216205
6.217159
6.21707
6.214743
6.196114
6.174929
6.15546
6.134974
6.11501
6.111564
6.11145
6.106414
6.106846
6.102421
6.100387
6.099585
6.118202
6.140811
6.16459
6.203197
6.23664
6.241739
6.24516
6.246584
6.232177
6.221241
6.223593
6.222322
6.232355
6.238636
6.243024
6.242222
6.239565
6.202217
6.158461
6.125653
6.109491
6.114985
6.140392
6.171762
6.178184
6.170313
6.132075
6.0931
6.062353
6.057597
6.042732
6.044283
6.060216
6.073886
6.08046
6.103095
6.119715
6.116256
6.114985
6.125526
6.146711
6.162912
6.186844
6.225857
6.238649
6.250017
6.264399
6.27662
6.280765
6.304646
6.30682
6.315035
6.339577
6.362441
6.375602
6.396482
6.403311
6.409656
6.417527
6.4424
6.466319
6.500335
6.521685
6.512695
6.489958
6.465925
6.440047
6.418049
6.412797
6.40195
6.37873
6.355536
6.331134
6.304595
6.275844
6.273161
6.260127
6.242617
6.243367
6.242973
6.231554
6.225513
6.235343
6.229544
6.22737
6.223479
6.227917
6.220096
6.217489
6.215824
6.219384
6.220249
6.231973
6.247309
6.264285
6.280206
6.288649
6.292693
6.297004
6.291243
6.269816
5.68818
4.827437
4.605705
4.484991
4.539772
5.156556
6.077294
6.332876
6.511385
6.519358
6.517476
6.511487
6.489577
6.478094
6.455142
6.417286
6.377408
6.345172
6.301556
6.279354
6.251492
6.216574
6.176887
6.140633
6.083995
6.027294
5.982775
5.934275
5.87554
5.835967
5.787061
5.73317
5.697539
5.673404
5.63668
5.607407
5.571179
5.51744
5.454012
5.388448
5.338842
5.29253
5.256797
5.218624
5.171027
5.114605
5.071701
5.018497
4.981798
4.948812
4.909138
4.873736
4.848571
4.799054
4.757409
4.738475
4.701242
4.660753
4.645291
4.632168
4.606608
4.583795
4.567887
4.54538
4.514709
4.485258
4.47848
4.462509
4.449894
4.421779
4.397135
4.362356
4.342583
4.327158
4.325009
4.319719
4.31593
4.298292
4.273051
4.263285
4.254206
4.246182
4.244351
4.237827
4.213972
4.194363
4.173878
4.150353
4.135589
4.130452
4.126332
4.139201
4.143639
4.138044
4.145292
4.152464
4.145101
4.141375
4.146869
4.136314
4.12019
4.107766
4.108097
4.106622
4.05104
3.64251
3.628191
3.616671
3.610109
3.659078
4.063133
4.069313
4.071144
4.063921
4.051815
4.052629
4.054053
4.05385
4.050696
4.059038
4.058123
4.05446
4.051815
4.038514
4.023217
4.022912
4.009903
3.986009
3.979982
3.971678
3.948497
3.940613
3.939519
3.951981
3.974209
3.975798
3.975188
3.974679
3.962459
3.939901
3.938693
3.959941
3.962701
3.961289
3.959776
3.960768
3.9362
3.934089
3.934916
3.939392
3.940358
3.964303
3.981482
3.992558
4.013031
4.032945
4.036569
4.044237
4.060564
4.059852
4.059649
4.057767
4.055732
4.052375
4.052782
4.054104
4.05619
4.061175
4.054867
4.049272
4.053545
4.057105
4.116693
4.717557
5.692465
6.721672
7.712069
8.610109
8.92051
8.81124
8.616225
8.50356
8.574732
8.749935
8.991949
9.180453
9.242991
9.085603
8.85951
8.597647
8.399974
8.2831
8.193858
7.668236
7.594254
7.556868
7.501312
7.450917
7.012541
6.694027
6.411156
6.121953
5.837544
6.360483
6.323682
6.210356
6.098644
6.003172
5.923111
5.83865
5.741664
5.635777
5.519716
5.39019
5.254915
5.117937
4.973927
4.84557
4.743358
4.656087
4.581812
4.527463
4.647732
5.139059
5.968418
6.990746
8.171707
9.312103
9.861772
9.716324
9.197531
8.520269
7.711459
6.967628
6.268939
5.369806
4.436733
3.479271
2.621859
2.059284
1.878664
1.717169
1.588545
1.483574
1.396176
1.328996
1.297943
1.277114
1.270515
1.286054
1.321735
1.462973
1.789079
2.278371
2.868883
3.470052
4.019847
4.402692
4.638106
4.815763
4.968141
5.105602
5.254
5.408577
5.559925
5.704864
5.86674
6.032533
6.216752
6.40635
6.608689
6.828208
7.058713
7.290185
7.53684
7.809131
8.078536
8.351411
8.656306
8.974859
9.271157
9.562777
9.868638
10.143371
10.382549
10.635409
10.919653
11.17451
11.427956
11.699242
11.924712
12.129467
12.322435
12.581348
12.826668
13.076057
13.295144
13.515731
13.566862
13.609538
13.638759
13.641951
13.662272
13.799619
14.070345
14.36653
14.815397
15.20474
15.438692
15.479091
15.341807
14.996806
14.580199
14.102733
13.520118
12.977774
12.362275
11.727891
11.159912
10.661096
10.148889
9.702604
9.289164
8.858595
8.436673
8.067676
7.782542
7.574086
7.468568
7.373641
7.302215
7.178538
7.018365
6.850347
6.695553
6.567857
6.402357
6.228171
6.09174
5.921076
5.724116
5.605258
5.520085
5.403643
5.247082
4.731532
4.554078
4.387242
4.2068
4.122555
4.440256
4.405324
4.343117
4.300251
4.182639
4.054613
3.952261
3.898192
3.881457
3.930796
3.903037
4.098128
4.310691
4.526624
4.83499
5.291856
5.554012
5.806987
6.056516
6.239196
6.411996
6.57611
6.733905
6.916204
7.132747
7.319483
7.490872
7.648717
7.800662
7.962704
8.113543
8.299873
8.47959
8.574224
8.640081
8.724439
8.747507
8.774884
8.6802
8.539521
8.477784
8.493463
8.564496
8.86199
9.261595
9.632131
9.980146
10.281048
10.541767
10.733069
10.862481
10.946942
11.033285
11.054419
11.032534
11.022133
11.040228
11.04787
11.131848
11.29787
11.471369
11.581999
11.715709
11.774102
11.830562
11.895172
12.048071
12.134032
12.17976
12.168849
12.079328
11.915938
11.75841
11.626251
11.515964
11.461819
11.448874
11.362366
10.804623
10.129701
9.475887
8.871769
8.445905
8.630785
9.016733
9.44458
9.861085
10.335079
11.604087
13.122967
14.572417
15.774169
16.627995
16.475134
15.9179
15.157449
14.536723
13.851818
12.492869
11.027283
9.654587
8.427403
7.523514
8.157338
11.584085
15.661135
19.685401
23.424342
26.576115
26.713818
26.16869
25.374274
24.588823
23.691585
22.74235
21.798303
20.914862
20.157526
19.004731
17.354697
15.754675
14.139445
12.645425
11.387506
10.789186
10.212788
9.707957
9.289952
8.973625
8.711825
8.464013
8.250331
8.0588
7.837412
7.600637
7.374977
7.17293
6.998108
6.867374
6.724864
6.595719
6.460114
6.331973
6.193342
6.039807
5.915786
5.823645
5.747602
5.667694
5.600706
5.531962
5.457674
5.374015
5.314262
5.267301
5.218191
5.170836
5.126114
5.077029
5.026572
4.982345
4.930679
4.890318
4.86486
4.841653
4.795138
4.764403
4.726979
4.687178
4.656214
4.639098
4.612534
4.589518
4.562203
4.53438
4.513907
4.504002
4.502679
4.664746
5.261006
6.041841
6.834566
7.65079
8.327302
8.534727
8.579933
8.600597
8.589648
8.225522
7.566571
6.818277
6.04043
5.256874
4.787279
4.607854
4.495876
4.412153
4.340218
4.309038
4.277781
4.262725
4.249564
4.231062
4.205452
4.165523
4.129562
4.108288
4.074196
4.017812
3.953659
3.587409
3.314546
3.239622
3.177466
3.139394
3.393793
3.55244
3.524032
3.486901
3.443793
3.402148
3.376664
3.356649
3.352466
3.360133
3.336939
3.31171
3.29078
3.265322
3.238999
3.240017
3.245307
3.240525
3.238491
3.13861
2.868964
2.867311
2.871787
2.875042
2.966085
3.248943
3.265919
3.283989
3.280022
3.282565
3.27992
3.270396
3.246629
3.248155
3.251448
3.253992
3.255009
3.263147
3.26447
3.258328
3.249884
3.250393
3.240729
3.243781
3.245815
3.269607
3.275507
3.28329
3.312728
3.335515
3.341593
3.355492
3.377656
3.36817
3.370294
3.37388
3.383798
3.381751
3.385375
3.40609
3.420128
3.424706
3.435934
3.4479
3.437422
3.440576
3.442407
3.448205
3.428597
3.319187
3.208875
3.130963
3.085948
2.826729
2.887792
3.658365
4.888525
6.378832
7.928371
8.213619
7.808826
6.945527
5.803821
4.958273
5.28593
5.70143
6.182431
6.712135
7.180699
7.559437
7.837539
8.007974
8.080786
8.090133
8.06601
7.999645
7.942969
7.871021
7.789091
7.717804
7.663379
7.592448
7.540706
7.500956
7.437349
7.383344
7.315236
7.229148
7.130471
7.053691
6.946303
6.842412
6.724711
6.452624
6.096483
5.731339
5.365317
5.021828
4.838487
4.740624
4.669909
4.630069
4.598406
4.591514
4.611021
4.628251
4.657346
4.689505
4.708452
4.709952
4.723838
4.73513
4.739085
4.743968
4.697363
4.631837
4.557155
4.501128
4.461809
4.486263
4.557193
4.629167
4.702119
4.790674
4.928072
5.097566
5.292301
5.489338
5.684391
5.833882
5.938154
6.028566
6.067566
5.806186
5.493737
5.190495
4.904001
4.703709
4.834761
5.053085
5.330945
5.633742
5.950705
5.903541
5.953248
5.960394
6.269066
6.596698
6.988393
7.577278
8.049543
8.153014
8.236648
8.658544
9.131089
9.566376
10.024373
10.441806
10.475478
10.435219
10.39501
10.316514
10.207562
10.130413
10.040179
9.932906
9.808224
9.705477
9.579791
9.43971
9.292025
9.145713
8.973434
8.815462
8.706116
8.607934
8.513453
8.427861
8.326767
8.179413
8.025624
7.861318
7.679541
7.495742
7.269216
6.965415
6.616153
6.255892
5.89848
5.597132
5.392339
5.254458
5.149359
5.104204
5.173494
5.273468
5.374651
5.456543
5.501291
5.455958
5.372133
5.280449
5.185536
4.95545
4.709927
4.533834
4.431583
4.407995
4.551382
4.714149
4.833045
4.887139
4.901991
4.878022
4.777462
4.632778
4.47731
4.295355
4.118016
4.00975
3.918754
3.841948
3.778075
3.643564
3.459307
3.257349
3.03296
2.79827
2.627531
2.510008
2.413671
2.355482
2.308839
2.285873
2.294953
2.334856
2.36816
2.404566
2.435161
2.365337
2.186916
2.096454
1.996149
1.879109
1.818441
1.838799
1.767767
1.697103
1.629351
1.58028
1.541203
1.509082
1.486931
1.460189
1.466
1.472282
1.487185
1.506272
1.562986
1.59367
1.644026
1.710188
1.779046
1.876528
2.004719
2.1448
2.291379
2.465718
2.634258
2.801246
2.967014
3.139241
3.321019
3.514266
3.71981
3.927579
4.132461
4.320075
4.500034
4.674551
4.852322
5.028721
5.220569
5.468127
5.775451
6.074318
6.301302
6.502853
6.606807
6.568175
6.483308
6.387454
6.254125
5.880512
5.524269
5.208285
4.977436
4.825148
4.946104
5.133349
5.308018
5.395391
5.431797
5.428491
5.321612
5.155958
4.986033
4.800885
4.584558
4.433338
4.323521
4.224081
4.065142
3.590868
3.04766
2.50908
1.93815
1.427381
1.306984
1.383358
1.573935
1.844776
2.101337
2.199353
2.480519
3.089699
3.940524
5.007001
6.478069
8.139331
9.885436
12.014208
14.860857
18.824772
22.291397
29.8845
36.323918
42.646081
48.233492
52.081817
53.036431
50.072641
46.648933
43.774232
41.237081
39.043457
37.095394
35.326896
33.791892
32.514225
31.346539
30.194355
29.17761
28.270987
27.54122
26.873482
26.263794
25.743894
25.240755
24.737272
24.185289
23.562033
22.319716
19.01526
15.41607
12.005726
8.505073
5.53214
4.225353
4.115561
4.19093
4.371232
4.686262
7.025931
11.517465
16.591131
21.774638
26.824284
30.108406
31.007463
31.035655
30.81222
29.487439
25.094443
20.992532
16.631657
12.528729
8.783557
7.000893
9.063198
11.374154
13.655367
15.052362
15.995112
16.517135
16.91997
17.104125
17.101951
16.922361
16.681174
16.364529
16.669462
16.98158
17.730154
18.798908
19.541607
20.561671
21.312178
21.697095
21.339352
20.495458
19.574631
18.604325
17.782137
16.977905
16.336286
15.720787
15.143448
14.527504
13.941378
14.226907
18.954172
21.409812
22.932787
24.589205
25.476893
22.011146
20.709687
20.322938
19.658507
18.793859
17.757214
16.737099
15.74229
15.024323
14.641364
14.607615
14.785031
14.994593
15.160412
15.190676
14.948777
14.564838
14.076932
13.552671
13.005546
12.496786
12.023402
11.634517
11.254215
10.939261
10.587444
10.101573
9.543995
9.030047
8.484232
7.974238
7.623857
7.358255
7.095641
6.861664
6.622728
6.372588
6.095262
5.849904
5.635497
5.421192
5.242314
5.10592
4.99646
4.885855
4.56612
4.137331
3.741898
3.238745
2.741824
2.349569
2.178651
2.113913
2.012858
1.807314
1.573273
1.335888
1.161575
1.023783
1.042718
1.163216
1.321672
1.568721
1.833166
2.12654
2.530468
3.060732
3.708289
4.450619
5.090839
5.755855
6.406337
6.956946
7.383357
6.359427
5.951239
6.281464
6.599215
6.97616
7.757949
9.750569
10.358375
10.511961
10.53223
10.46645
10.403657
10.321587
10.209495
10.164772
10.223393
10.280044
11.780142
15.078748
18.593161
22.803782
27.292327
32.486389
37.866908
38.965507
38.811743
38.817389
39.008373
39.037048
38.832394
38.799485
38.667186
38.26397
37.949868
37.899894
37.895316
37.62314
37.519732
37.520991
37.254359
36.652593
36.055519
35.326655
34.341115
33.404749
32.305324
31.263757
30.271961
29.100054
27.771814
26.37665
24.97575
23.456883
22.222323
21.242442
20.414774
19.670803
18.921377
17.89877
16.751545
15.706214
14.744212
13.731193
12.813202
12.057303
11.270924
10.528594
9.830299
9.255237
8.581968
7.890629
7.20355
6.517616
5.92236
5.451024
4.93766
4.438386
4.006508
3.647213
3.414546
3.374197
3.454831
3.574998
3.681941
3.78765
3.824171
3.795992
3.714227
3.617826
3.522442
3.407234
3.300825
3.209282
3.134104
3.061177
3.009473
2.961953
2.936012
2.921312
2.945918
2.974135
2.944036
3.075406
3.176601
3.195752
3.224185
3.31775
3.276817
3.329131
3.509027
3.709866
3.925798
4.166451
4.337293
4.426064
4.466146
4.473419
4.441349
4.376408
4.312865
4.253036
4.180172
4.123318
4.090905
4.046805
4.007423
3.968181
3.919936
3.91677
3.877795
3.621539
3.284599
2.837665
2.364752
1.925523
1.716737
1.624621
1.546417
1.53173
1.451338
1.373757
1.284375
1.308193
1.297269
1.312046
1.33407
1.367246
1.399876
1.431921
1.469993
1.520031
1.591139
1.632988
1.665084
1.68852
1.699964
1.697841
1.704237
1.730585
1.777838
1.818822
1.857886
1.869127
1.850765
1.810913
1.722574
1.545794
1.323477
1.102471
0.887123
0.726683
0.657762
0.651849
0.677484
0.709796
0.735419
0.764997
0.781439
0.784618
0.784135
0.793812
0.79741
0.796228
0.816739
0.828934
0.840493
0.864564
0.90209
0.939628
0.978018
1.015861
1.046202
1.086092
1.119231
1.167412
1.223109
1.263889
1.31923
1.37377
1.428335
1.476224
1.545183
1.601249
1.681971
1.817233
2.005902
2.183725
2.371936
2.547394
2.646096
2.700127
2.768248
2.882006
3.015895
3.177733
3.351423
3.497163
3.577834
3.623574
3.46143
3.289953
3.188097
2.845727
2.494011
2.268579
2.154376
1.879834
1.881284
1.924353
1.998616
2.112374
2.217588
2.327277
2.442994
2.582172
2.730544
2.891315
3.093183
3.306624
3.505453
3.713426
3.929601
4.145813
4.373407
4.622185
4.863703
5.112736
5.362964
5.637849
5.885344
6.107647
6.318837
6.495223
6.60715
6.685723
6.737351
6.759909
6.752178
6.722778
6.673592
6.617819
6.541281
6.462034
6.391103
6.309783
6.235114
6.169295
6.106376
6.043405
5.997729
5.95246
5.885916
5.815138
5.747526
5.687468
5.620403
5.545022
5.48022
5.439656
5.389007
5.342822
5.337647
5.335523
5.324422
5.327575
5.304063
5.284633
5.268662
5.253453
5.236668
5.232751
5.238613
5.235511
5.212774
5.192238
5.173672
5.144997
5.130679
5.146218
5.159379
5.156213
5.161948
5.16088
5.145557
5.132319
5.140928
5.147032
5.15152
5.170913
5.169031
5.146701
5.112609
5.056429
4.987419
4.940229
4.898151
4.856506
4.823075
4.785423
4.731684
4.685067
4.651242
4.6157
4.590967
4.572694
4.564708
4.544019
4.601649
4.719566
4.893217
6.324178
8.942903
11.841408
14.739202
17.610024
19.601271
20.209001
20.435387
20.46017
20.353101
20.133315
19.80239
19.411025
18.969571
18.521632
18.038139
17.548224
17.083538
16.575541
16.046244
15.489963
14.889863
14.261545
13.607846
12.975269
12.370133
11.784771
11.250578
10.748837
10.289288
9.861911
9.512065
9.21541
8.961278
8.749719
8.594506
8.478268
8.334982
8.221109
8.161864
8.129616
8.143541
8.251234
8.394888
8.557235
8.740843
8.920027
9.130059
9.31321
9.394351
9.35661
9.204309
8.873409
8.387055
7.861496
7.36324
6.987465
6.741535
6.616916
6.651975
6.823223
7.042462
7.261142
7.468046
7.532568
7.435607
7.311396
7.181602
7.033955
6.895018
6.88159
6.73037
5.7173
4.569375
3.445522
2.328574
1.443085
1.056985
0.981922
0.949508
0.930116
0.839043
0.649471
0.61871
0.620567
0.621533
0.62367
0.622678
0.620058
0.623085
0.635559
0.671902
0.711093
0.772627
0.835699
0.901161
0.96815
1.048402
1.134274
1.247053
1.37719
1.48103
1.592716
1.699545
1.810404
1.930368
2.065515
2.207046
2.339396
2.475293
2.622686
2.647393
2.773601
2.972825
3.182209
3.38638
3.703609
3.970801
4.167049
4.35212
4.535995
4.709075
4.888703
5.048456
5.211566
5.339605
5.437952
5.505118
5.553262
5.243522
4.966551
5.009672
5.080908
5.170493
5.506759
5.796242
5.627473
5.020684
3.888235
3.507653
3.597251
3.868283
4.295152
5.441563
6.012378
6.051328
6.047093
5.935509
5.803948
5.679101
5.539465
5.432293
5.417504
5.412786
5.412201
5.410319
5.426622
5.513142
5.614159
5.713752
5.810217
5.870123
5.855995
5.808589
5.755919
5.697297
5.64188
5.519068
5.405004
5.289249
5.176622
5.070468
5.015992
4.965242
4.928606
4.896193
4.873253
4.850021
4.825415
4.797986
4.778937
4.74791
4.561809
4.44318
4.436797
4.421359
4.419515
4.501662
4.699055
4.721702
4.730858
4.734533
4.748126
4.741437
4.739238
4.748864
4.755769
4.823215
4.955196
5.109048
5.257751
5.424714
5.531148
5.572781
5.566321
5.54244
5.510561
5.47432
5.440152
5.449968
5.626087
5.831758
6.025196
6.201645
6.318341
6.249789
6.080257
5.859123
5.617987
5.465126
5.729927
6.152802
6.649012
7.175944
7.657949
7.723666
7.620691
7.474608
7.306297
7.118721
6.935977
6.738152
6.544066
6.347741
6.157622
5.976328
5.796623
5.627409
5.466156
5.31767
5.176202
5.05367
4.940687
4.826661
4.734558
4.636288
4.549157
4.461326
4.382295
4.293524
4.216375
4.138285
4.074959
4.005783
3.894313
3.761468
3.627694
3.4942
3.374261
3.286011
3.243132
3.2067
3.17608
3.153445
3.146184
3.140462
3.138046
3.146909
3.148181
3.153865
3.154399
3.156917
3.153674
3.156179
3.175279
3.199401
3.223626
3.246273
3.268781
3.270853
3.285197
3.300952
3.312168
3.338465
3.376563
3.404169
3.422442
3.443068
3.445993
3.439584
3.437511
3.432348
3.437791
3.445166
3.405924
3.351308
3.295345
3.219862
3.127377
3.079933
3.057464
3.038682
3.035032
3.05417
3.131268
3.209231
3.298168
3.391199
3.472099
3.501855
3.522544
3.533582
3.530161
3.560298
3.695407
3.888972
4.090994
4.318448
4.518956
4.59772
4.604841
4.597135
4.560576
4.499157
4.441209
4.382817
4.311822
4.253519
4.197339
4.143321
4.084712
4.029995
3.965295
3.911073
3.857169
3.819771
3.783365
3.743551
3.71368
3.667101
3.615995
3.560896
3.521387
3.479055
3.45169
3.440538
3.44467
3.420382
3.402148
3.391415
3.37304
3.347888
3.335642
3.321438
3.304144
3.257374
3.228203
3.233481
3.230352
3.223091
3.235948
3.256688
3.25567
3.255683
3.263656
3.272595
3.265067
3.253229
3.253661
3.05679
2.914064
2.876411
2.696236
2.632706
2.770498
2.903179
2.908443
3.02786
3.032248
3.010439
2.978725
2.952772
2.935656
2.922634
2.906485
2.889763
2.876882
2.857744
2.835173
2.805213
2.775928
2.745791
2.738733
2.721058
2.637526
2.543363
2.446936
2.34522
2.258381
2.247318
2.246415
2.246275
2.245411
2.249251
2.301095
2.3786
2.456015
2.558113
2.657185
2.708304
2.752263
2.79059
2.813199
2.850788
3.044366
3.342458
3.681051
4.049514
4.413399
4.655336
4.767022
4.846486
4.893929
4.920379
4.93513
4.940318
4.943433
4.951928
4.945392
4.930616
4.917086
4.895214
4.873876
4.855005
4.830743
4.795214
4.751839
4.688691
4.624334
4.559978
4.505845
4.456545
4.423864
4.399678
4.393638
4.383147
4.378582
4.344109
4.32197
4.304371
4.293066
4.258809
4.255643
4.255045
4.219669
4.170584
4.146843
4.12197
4.084483
4.055414
4.042889
4.023611
3.981126
3.945063
3.927706
3.902553
3.884039
3.885539
3.87384
3.860743
3.844657
3.823675
3.811175
3.807869
3.805529
3.808479
3.788858
3.763807
3.737879
3.712638
3.690041
3.686404
3.685654
3.672569
3.670356
3.662447
3.640206
3.615054
3.596158
3.586455
3.564863
3.538961
3.547493
3.528966
3.394581
3.208875
3.018311
2.805519
2.604896
2.480723
2.433063
2.406524
2.397458
2.39761
2.502518
2.678866
2.875801
3.085477
3.287702
3.443767
3.488948
3.536735
3.563897
3.599833
3.630288
3.641147
3.660972
3.673408
3.676486
3.684014
3.677834
3.686137
3.662994
3.66616
3.765969
4.040358
4.420978
4.82188
5.256861
5.633729
5.801532
5.882394
5.91777
5.94104
5.942872
5.941129
5.934632
5.929571
5.924179
5.920962
5.89998
5.892948
5.882483
5.856987
5.759505
5.600769
5.411667
5.21107
5.02062
4.840916
4.750021
4.679344
4.625377
4.593218
4.572567
4.558325
4.564378
4.601992
4.652399
4.691628
4.733401
4.760206
4.736033
4.707829
4.685372
4.645176
4.615446
4.602157
4.580031
4.547097
4.550759
4.065638
3.428012
3.39729
3.406191
3.390868
3.819746
4.462229
4.454459
4.425085
4.403697
4.385919
4.376649
4.374208
4.357181
4.333084
4.298547
4.259127
4.198979
4.152947
4.128557
4.106838
4.086581
4.084521
4.088209
4.089989
4.094949
4.092533
4.094872
4.083199
4.06724
4.047784
4.035246
4.020457
4.014799
4.013832
4.016376
4.00914
4.007347
3.717368
3.61527
3.624858
3.663197
3.707869
4.037522
4.177006
4.206965
4.23007
4.23578
4.23798
4.236428
4.248204
4.242519
4.250365
4.271258
4.294503
4.288221
4.311047
4.336937
4.334101
4.32857
4.324335
4.28007
4.216782
4.065396
3.820636
3.565041
3.306993
3.063339
2.932337
2.898919
2.890793
2.892904
2.896948
2.9684
3.144086
3.330594
3.556064
3.792063
3.957512
4.018944
4.05928
4.08133
4.085768
4.134598
4.274081
4.444821
4.615535
4.794629
4.917264
4.940115
4.935282
4.949461
4.9569
4.9606
4.972973
4.975732
4.96397
4.958146
4.966933
4.994603
5.022935
5.03368
5.048761
5.062329
5.066106
5.067861
5.071625
5.033006
4.983464
4.916246
4.882409
4.826775
4.781468
4.752259
4.73761
4.695265
4.673711
4.676089
4.678276
4.669922
4.666654
4.668294
4.662203
4.660232
4.671041
4.698876
4.728785
4.773558
4.809024
4.841374
4.864059
4.875516
4.874754
4.878835
4.884748
4.889364
4.904077
4.925109
4.935231
4.9466
4.958197
4.96074
4.955005
4.948291
4.937203
4.927487
4.894438
4.860308
4.833922
4.82764
4.815128
4.814301
4.815903
4.817416
4.818268
4.814619
4.824817
4.824499
4.836987
4.844947
4.83761
4.819019
4.814225
4.804255
4.777551
4.775618
4.77614
4.575822
3.785056
3.31054
3.026462
2.995434
3.112588
3.89088
4.346143
4.637165
4.640904
4.659812
4.678632
4.675568
4.666298
4.65203
4.620176
4.462013
4.215332
3.957436
3.680555
3.407895
3.243247
3.172939
3.128445
3.092548
3.061151
3.094951
3.236291
3.431916
3.666745
3.923738
4.122644
4.229791
4.29842
4.334966
4.355617
4.372733
4.390675
4.408313
4.427298
4.451013
4.484826
4.517582
4.534775
4.552628
4.569706
4.584431
4.588386
4.606265
4.628264
4.637814
4.633439
4.635804
4.639454
4.641145
4.663933
4.690242
4.706951
4.706493
4.712305
4.700046
4.70587
4.720405
4.734736
4.743091
4.754535
4.762839
4.768993
4.767823
4.772846
4.795977
4.813652
4.837012
4.856213
4.881582
4.884609
4.880412
4.893815
4.904395
4.91659
4.93218
4.948761
4.97057
5.002996
5.04089
5.070658
5.096345
5.111376
5.12268
5.14857
5.155958
5.19356
5.219259
5.235917
5.23354
5.275096
5.296612
5.321497
5.3599
5.405347
5.410904
5.431466
5.459099
5.487964
5.517122
5.54759
5.410993
5.215266
5.016971
4.805794
4.61434
4.230121
3.972899
3.768093
3.589876
3.40834
3.564863
3.643703
3.643564
3.61602
3.628991
3.656877
3.683391
3.729779
3.781051
3.79074
3.860183
4.094783
4.431303
4.809304
5.217822
5.563206
5.778363
5.890646
5.959441
6.020351
6.077307
6.097538
6.118431
6.166943
6.196444
6.225221
6.273326
6.309135
6.314501
6.321749
6.337237
6.376085
6.423911
6.432214
6.412466
6.362174
6.279748
6.194855
6.166981
6.13987
6.121266
6.099814
6.037887
5.847679
5.835077
5.83233
5.825285
5.832572
6.004863
6.002091
5.997068
6.017643
6.046203
6.069753
6.066371
6.066473
6.044868
6.014654
5.99338
5.988904
5.962887
5.940506
5.920199
5.891982
5.8629
5.849561
5.833869
5.827434
5.827422
5.840163
5.847437
5.85143
5.845682
5.847869
5.835853
5.820657
5.827727
5.828579
5.8107
5.809543
5.825374
5.807254
5.7923
5.693991
4.66687
3.821361
2.853382
1.96521
1.041103
1.026098
0.803603
0.706706
0.537085
0.47662
0.422742
0.400883
0.389947
0.370962
0.372068
0.384212
0.378769
0.377078
0.387811
0.735178
1.047499
1.350105
1.663304
2.001235
2.006703
2.027405
2.061611
2.059475
2.03211
2.006957
1.85678
1.556005
1.266687
0.965073
0.663395
1.018366
1.923158
2.805048
3.735895
4.663131
5.296281
5.31341
5.388371
5.427423
5.464121
5.474981
5.483374
5.483107
5.475909
5.441779
5.430296
5.424829
5.426914
5.43167
5.466436
5.489732
5.516372
5.514694
5.513231
5.494424
5.465647
5.434188
5.43832
5.433463
5.453389
5.457712
5.468203
5.466805
5.464973
5.460599
5.475286
5.496446
5.537417
5.573086
5.591715
5.574981
5.552448
5.544055
5.5298
5.524727
5.541258
5.569055
5.568801
5.584594
5.596026
5.615062
5.642593
5.662989
5.694169
5.708132
5.738409
5.78968
5.872602
5.938523
6.00705
6.073568
6.101238
6.092782
6.079468
6.04811
6.010051
5.993355
6.036628
6.095427
6.180778
6.296787
6.377853
6.432812
6.421507
6.358448
6.305409
6.266116
6.232342
6.222703
6.218036
6.217337
6.200641
6.184834
6.157571
6.145605
6.14558
6.158919
6.183385
6.203095
6.233817
6.26328
6.295185
6.314005
6.359046
6.406693
6.451263
6.464666
6.440734
6.353807
6.254315
6.132533
6.040265
5.996101
5.999141
6.054303
6.094499
6.126213
6.137848
6.166282
6.206986
6.251645
6.311767
6.381388
6.415556
6.419066
6.419028
5.939248
5.078759
4.507638
4.394541
4.264544
4.349767
5.126444
5.724039
5.7298
5.738828
5.776112
5.838854
5.884632
5.909314
5.931974
5.910013
5.840799
5.749904
5.691384
5.650616
5.66496
5.711781
5.764833
5.795441
5.805296
5.793177
5.783754
5.774815
5.775464
5.765062
5.768724
5.738841
5.710331
5.660866
5.614312
5.573976
5.565164
5.58743
5.617872
5.644233
5.666741
5.695822
5.67404
5.656059
5.645034
5.602588
5.529457
5.476138
5.421917
5.358145
5.313219
5.291233
5.265241
5.230844
5.198748
5.187342
5.17577
5.16753
5.157116
5.161604
5.174778
5.160142
5.161426
5.184086
5.240826
5.296828
5.381288
5.470645
5.547132
5.620339
5.684022
5.725858
5.733373
5.731466
5.741639
5.732254
5.713332
5.7254
5.754431
5.741448
5.734607
5.755665
5.756758
5.746776
5.738104
5.502626
5.304127
5.2327
5.169132
5.115279
5.274536
5.390902
5.384073
5.354915
5.33298
5.30756
5.289338
5.283196
5.308031
5.309404
5.342822
5.383577
5.427028
5.439389
5.441347
5.40433
5.395009
5.372934
5.366296
5.380983
5.422527
5.423506
5.422769
5.439795
5.436108
5.423328
5.423862
5.428084
5.438537
5.466423
5.506186
5.534442
5.574281
5.589757
5.591766
5.59375
5.616779
5.632369
5.679571
5.748734
5.80012
5.823276
5.836145
5.811628
5.797208
5.8394
5.899497
5.943011
5.991931
6.031846
6.037772
6.02938
6.074242
6.168838
6.244804
6.33486
6.439501
6.529111
6.572982
6.60743
6.645108
6.649851
6.638648
6.589297
6.529633
6.455905
6.39797
6.348288
6.320414
6.317477
6.320579
6.319969
6.321241
6.330701
6.339158
6.34165
6.345541
6.335559
6.349687
6.370096
6.400373
6.422512
6.459859
6.502891
6.518608
6.551695
6.560558
6.580663
6.580968
6.603157
6.607252
6.656553
6.736257
6.808917
6.873083
6.922562
6.963991
6.968747
6.972218
6.98304
7.021099
7.038215
7.055623
7.098973
7.180687
7.278334
7.398908
7.532733
7.634488
7.710823
7.750332
7.780889
7.792702
7.826947
7.83333
7.869775
7.908457
7.963823
8.015285
8.076145
8.094215
8.023983
7.93834
7.802532
7.656449
7.535785
7.502303
7.482822
7.511472
7.554071
7.591647
7.619788
7.64522
7.656194
7.690274
7.734627
7.80992
7.890604
7.951183
7.995499
8.022279
8.013849
8.01259
8.032885
8.039472
8.060072
8.082605
8.084665
8.09911
8.113289
7.332759
7.202457
7.296836
7.374621
7.427202
8.153752
8.334308
8.223283
8.122724
8.0463
8.018897
8.060708
8.16456
8.288937
8.451322
8.632209
8.755441
8.768247
8.716695
8.643336
8.582883
8.577822
8.657616
8.767369
8.888897
9.01213
9.109904
9.177516
9.238858
9.282411
9.311697
9.309815
9.331229
9.349425
9.368945
9.356941
9.367075
9.346869
9.358327
9.382335
9.395076
9.425392
9.471348
9.482614
9.475887
9.506152
9.501981
9.516643
9.543881
9.593257
9.629587
9.664531
9.666833
9.703875
9.738819
9.764213
9.783618
9.820737
9.812484
9.738628
9.629053
9.505084
9.391287
9.292139
9.260896
9.303177
9.453176
9.654918
9.863107
10.090675
10.278772
10.423456
10.488322
10.542569
10.551813
10.575465
10.563118
10.566399
10.570481
10.569145
10.56856
10.570697
10.585994
10.62872
10.678174
10.701253
10.715305
10.740152
10.732993
10.772031
10.824803
10.894068
10.902105
10.900681
10.895365
10.875643
10.769132
10.639427
10.516501
10.36177
10.227971
10.199703
10.268765
10.41884
10.567543
10.750363
10.920887
11.039922
11.079851
11.122819
11.114643
11.090952
11.07933
11.066359
11.05049
11.029864
11.010345
10.984188
10.961337
10.942148
10.93846
10.933819
10.939338
10.930882
10.925375
10.906441
10.89684
10.876851
10.868026
10.85901
10.85709
10.851584
10.828224
10.809175
10.781963
10.759455
10.735867
10.748227
10.725071
10.70489
10.686197
10.652792
10.619069
10.611109
10.595697
10.579573
10.572146
10.554102
10.543955
10.54206
10.515839
10.494463
10.470087
10.445646
10.41191
10.398902
10.386821
10.374423
10.36322
10.35339
10.323266
10.295761
10.274461
10.249576
10.223406
10.211936
10.194935
10.174703
10.16022
10.139975
10.12937
10.102603
10.081519
10.060436
10.03864
10.01434
10.014086
9.984991
9.95891
9.935347
9.914226
9.899182
9.897873
9.882868
9.865281
9.853799
9.830757
9.824475
9.82197
9.804803
9.772288
9.74931
9.722326
9.697377
9.691159
9.685831
9.668372
9.646678
9.633224
9.615536
9.607589
9.603456
9.581966
9.562573
9.541719
9.520496
9.503405
9.506355
9.499387
9.484293
9.469377
9.451409
9.433187
9.420127
9.417482
9.412866
9.40909
9.379245
9.353774
9.328851
9.312561
9.294479
9.301244
9.304372
9.291643
9.273879
9.252617
9.242457
9.22599
9.222238
9.221501
9.212994
9.180021
9.15628
9.128902
9.108454
9.087244
9.086036
9.086672
9.084141
8.120944
6.431273
4.742582
2.987207
1.26895
0.330969
0.330512
0.326684
0.331211
0.333118
0.327778
0.330003
0.332584
0.33027
0.276787
0.21643
0.150444
0.081827
0.021105
0
0.036846
0.086762
0.138073
0.186332
0.236503
0.25157
0.254138
0.259657
0.270415
0.274319
0.284746
0.287744
0.256404
0.255628
0.25896
0.254738
0.250719
0.290341
0.294983
0.294779
0.305435
0.31393
0.311145
0.317643
0.325641
0.324026
0.323848
0.328452
0.323327
0.324115
0.322055
0.32175
0.324751
0.324866
0.321038
0.323429
0.322526
0.32128
0.32456
0.326493
0.324192
0.321712
0.316308
0.308996
0.306504
0.303286
0.296966
0.297068
0.301112
0.298696
0.299459
0.304126
0.306046
0.303541
0.304723
0.30513
0.307584
0.307648
0.308513
0.302778
0.306058
0.306567
0.30204
0.302384
0.305423
0.301951
0.302778
0.306936
0.307699
0.312366
0.314489
0.318597