0.001719
0.004218
0.007119
0.00958
0.013573
0.013822
0.013246
0.013221
0.012754
0.008846
0.006962
0.005039
0.002163
0.000169
0.003677
0.007304
0.01138
0.01381
0.020355
0.019954
0.018924
0.016681
0.016285
0.013092
0.013348
0.014583
0.016921
0.01885
0.018857
0.018496
0.018685
0.019162
0.142043
0.572439
1.233499
1.989889
2.46457
2.834953
2.907474
2.521965
1.899293
1.923238
2.519911
2.746983
2.800194
2.931641
2.672041
1.8085
1.301259
1.290857
1.730009
2.286919
3.01186
3.698437
4.323792
4.386603
4.661532
4.637531
4.491111
4.287595
4.257655
3.921764
3.726114
3.752035
4.339305
5.304022
6.403918
7.573612
8.70795
9.335695
9.658208
9.890806
10.101709
10.341491
10.591567
10.807036
10.851422
10.350863
9.44363
8.087167
6.826221
5.723
5.07159
4.577631
4.346954
4.033914
3.888899
4.043114
4.506701
5.059115
5.604371
5.958446
6.189848
6.406385
6.695747
6.705755
6.472153
6.290636
6.155254
6.243605
6.57811
7.151271
7.578133
7.842197
7.830847
7.860114
7.844396
7.622481
7.408525
7.206059
6.923468
6.691621
6.729521
6.940654
7.189413
8.164316
9.454356
10.686093
11.813557
12.993583
13.506826
13.684909
13.839449
13.948185
14.021137
14.146251
14.323133
14.452965
14.490604
14.44702
14.41509
14.641297
14.890604
15.068655
15.214725
14.949765
14.070647
12.958201
11.807396
10.502999
8.974391
7.451289
6.270818
5.741451
5.583733
5.947593
6.590044
7.132566
7.224694
7.177403
7.251042
7.612174
8.181482
8.861803
9.483539
9.927441
10.046273
10.039254
10.567909
11.572586
12.015375
12.556822
13.784687
14.076783
13.955382
14.51397
15.113931
15.08839
14.85119
13.804003
12.390883
11.411434
11.390179
12.253421
13.934311
15.897385
17.361408
17.716595
17.637901
17.515241
17.419591
17.31589
17.240516
17.226725
17.238074
17.250129
17.257549
17.262254
17.240395
17.218218
17.204567
17.225053
17.226248
17.252907
17.319197
17.422452
17.510594
17.605253
17.701183
17.773602
17.810212
17.826946
17.828726
17.789332
17.73881
17.68237
17.631009
17.580399
17.538976
17.499925
17.455412
17.411541
17.366265
17.326718
17.270487
17.212731
17.126833
17.019477
16.897796
16.77904
16.705814
16.685399
16.67459
16.653576
16.635767
16.582703
16.492132
16.404098
16.329486
16.265556
16.206521
16.14193
16.099648
16.06803
16.037606
15.992788
15.967515
15.938904
15.918246
15.899528
14.303785
13.7395
13.480008
13.211875
12.92786
14.223852
14.49681
14.457256
14.411701
14.391597
14.390179
14.373285
14.273953
13.896265
13.32152
12.698149
12.085269
11.587693
11.328767
11.1697
11.047772
10.96546
11.015504
11.222415
11.535919
11.782758
12.080755
15.710801
17.395729
18.335611
19.054499
19.657817
16.873241
15.977478
19.700467
22.708738
25.907268
29.019176
32.028389
30.924328
30.243188
29.18392
28.331849
27.429792
26.831796
26.772812
26.825196
26.671572
26.396388
26.207198
26.157846
26.334531
26.438981
26.514534
26.516066
26.572901
26.664292
26.762537
26.80424
26.901105
27.036729
27.177376
27.320884
27.454423
27.61656
27.69196
27.204951
26.603217
25.875433
24.972174
23.937696
23.524186
23.36856
23.405316
23.385523
23.280723
23.022146
22.840471
22.770837
22.821308
22.911739
23.047763
23.081232
23.156226
23.269539
23.900165
25.024622
25.457842
25.433541
25.325536
24.820642
24.013573
23.934721
24.139915
24.346711
24.492737
24.424273
24.345726
24.337257
24.386118
24.424489
24.436621
24.569155
24.748338
24.930198
25.123159
25.335792
25.437229
25.493631
25.545386
25.588907
25.628295
25.642404
25.65758
25.677907
25.710956
25.742111
25.783712
25.812196
25.824798
25.806588
25.779439
25.723889
25.679039
25.634049
25.601985
25.579096
25.506691
25.364327
25.208891
25.043238
24.86511
24.757684
24.698033
24.650411
24.593112
24.520433
24.441039
24.353603
24.26103
24.200685
24.083856
24.00005
23.956186
20.558845
15.793583
11.086836
6.34604
1.588905
1.954602
5.958821
10.125094
14.295577
18.417649
20.692072
20.585549
20.41561
20.343223
18.283309
17.2962
17.220647
17.091374
16.808777
18.5155
19.195966
18.985431
17.311872
17.234634
17.76828
18.372252
19.066084
19.945876
19.678817
19.541966
19.399005
19.297079
20.482084
21.306974
21.467699
21.616256
21.721272
21.785202
21.844193
21.948891
22.114385
22.313469
22.598247
22.765738
22.626916
22.28199
21.827547
21.304888
20.843559
20.62521
20.519183
20.474117
20.425777
20.366602
20.333896
20.346008
20.395309
20.469081
20.573119
20.70955
20.847202
20.971865
21.076894
21.153547
21.211711
21.248371
21.283926
21.318762
21.3615
21.403438
21.448314
21.477834
21.488121
21.481604
21.466727
21.43135
0
0.144044
0
0.852322
4.969473
9.620404
14.637923
19.840124
24.327942
25.651318
26.461711
26.254527
24.468227
22.422186
20.247019
18.049822
16.509611
16.347378
16.315772
14.562311
14.080674
13.925721
13.771252
13.607945
15.20344
15.47444
15.427066
15.369665
15.311959
15.266092
15.235491
15.20906
15.188314
15.165139
15.13724
15.100375
15.070308
15.046891
15.033355
15.020734
15.002741
14.986172
14.973239
14.98867
15.027073
15.086604
15.152454
15.229565
15.288276
15.331072
15.357629
15.3721
15.356631
15.316359
15.252308
15.174193
15.098538
15.030481
14.963702
14.902862
14.851794
14.784627
14.538239
14.139448
13.75268
13.384885
13.036577
12.878261
12.887448
12.902733
12.906853
12.905168
13.107444
13.512994
13.892399
14.260391
14.635034
14.801171
14.705177
14.631557
14.563296
14.498234
14.589981
14.909627
15.088556
15.159232
15.15309
14.943674
14.504529
14.177571
13.947568
13.783193
13.653729
13.564774
13.496768
13.438827
13.362612
13.331121
13.690231
15.403299
18.475323
22.002076
25.568478
28.991093
31.054605
31.564052
31.463976
31.348342
32.714304
34.32158
35.24256
35.476365
34.579216
31.319845
27.506565
24.325838
21.222494
19.063006
17.63202
16.781526
16.066218
15.968551
15.960031
15.838974
15.455124
15.278154
15.320225
15.478089
15.867363
16.31979
16.718747
17.110118
17.449734
17.594972
17.722833
17.822597
17.876208
17.711293
17.383572
17.794253
20.213735
23.113378
26.174301
29.326894
31.707261
32.199821
33.505089
35.502719
36.764148
37.483825
37.530887
35.33006
31.472629
29.894454
27.918193
25.331856
23.329324
22.231336
19.6767
18.278859
18.102422
18.377072
18.841663
19.29507
19.690802
19.991259
20.159373
20.150338
20.011955
19.756945
19.490612
18.554653
18.02561
17.949244
17.891175
17.834531
18.48844
18.846037
18.809694
18.799451
18.798784
18.78622
18.784993
18.802255
18.820706
18.833766
18.863255
18.890836
18.782475
18.561749
18.29841
17.982058
17.650446
17.450586
17.359481
17.341564
17.400472
17.508286
17.656442
17.831142
18.004088
18.17313
18.324726
18.442903
18.539171
18.607431
18.651105
18.691212
18.634949
18.507298
18.384613
18.258996
18.129533
18.087487
18.097418
18.121026
18.149472
18.177117
18.294156
18.482133
18.660896
18.844753
19.02283
19.123974
19.152522
19.165505
19.148592
19.08086
18.791796
18.353909
17.845562
17.338792
16.889493
16.678786
16.652667
16.731113
16.873305
17.029008
17.163805
17.266037
17.349582
17.407847
17.455342
17.497763
17.54363
17.55201
17.540712
17.532866
17.529019
17.521822
17.542581
17.584366
17.61821
17.656314
17.694062
17.723723
17.740705
17.753663
17.757904
15.794741
15.544703
15.638071
15.742115
15.843081
17.904928
18.255677
18.263955
18.260242
18.255982
18.258971
18.273493
18.277072
18.298124
18.333545
18.369118
18.38212
18.416219
18.438822
18.445072
18.433048
18.424904
18.398263
18.368508
18.347246
18.339655
18.345669
18.37437
18.107496
16.814156
17.143123
17.437635
17.654051
18.077435
19.545991
19.335361
19.117495
18.940359
18.804703
19.268944
20.412838
21.303394
21.986372
22.479485
22.227521
21.223066
20.418128
19.816991
19.358358
19.034414
18.830574
18.695859
18.597099
18.546311
18.516167
18.498289
18.49092
18.443285
15.614426
13.20745
10.591707
8.077115
5.814048
8.229289
10.648294
13.303845
15.790805
18.154482
18.545135
18.567191
18.571686
18.582444
18.584421
18.573568
18.567083
18.554418
18.529907
18.50726
18.491091
18.488446
18.498022
18.502307
18.517306
18.530855
18.540595
18.539959
18.545644
18.533608
18.532737
18.248162
17.79679
17.323698
16.874093
16.453348
16.347448
16.459471
16.623725
16.81483
16.984597
17.139327
17.254681
17.347306
17.404242
17.443421
17.459246
17.459793
17.438163
17.41081
17.367677
17.324614
17.284176
17.252634
17.220526
17.199271
17.174385
17.163297
17.148114
17.136211
17.132892
17.237152
17.404312
17.538124
17.646612
17.731022
17.694959
17.577779
17.493967
17.422693
17.370583
17.267804
17.155114
17.080108
17.047529
17.074335
17.191787
17.338589
17.455692
17.547057
17.594444
17.619997
17.647699
17.682192
17.712978
17.731352
17.75002
17.757115
17.695315
17.695544
17.701927
17.742047
17.811095
17.949752
18.018648
18.075598
18.103255
18.105983
18.099389
18.084861
18.075814
18.023773
17.955805
17.885587
17.836165
17.785574
17.772228
17.779019
17.789592
17.802099
17.821751
17.854248
17.893273
17.92528
17.957617
17.984461
16.753932
16.381019
16.476167
16.54725
16.589373
17.859995
18.206873
18.101831
18.004597
17.936527
17.89143
17.854476
17.828828
17.807427
17.793007
17.800204
17.82027
17.837672
17.861019
17.867218
17.857134
17.842167
17.824899
17.79988
17.784811
17.76472
17.737927
17.715305
17.697159
17.681836
17.678708
17.688512
17.70667
17.727849
17.746084
17.777378
17.807166
17.828593
17.843814
17.85941
17.856657
17.855386
17.851615
17.858565
17.861756
17.872864
17.874199
17.873169
17.862729
17.85618
17.855379
17.854171
17.858838
17.860568
17.864433
17.907395
18.126411
18.236133
18.222431
18.093635
17.81952
17.30257
16.891394
16.607538
16.440784
16.376002
14.530323
14.058122
13.773477
13.451123
13.104436
14.600078
14.654045
14.522191
14.394865
14.272802
14.150689
14.041108
13.866038
12.662391
12.459588
12.391201
12.328141
12.31402
12.119387
12.061814
12.020989
11.990877
12.005037
13.254519
13.378317
13.373313
13.491497
13.85371
14.368154
14.917517
15.504927
16.058543
16.404887
16.629772
16.829727
17.01406
17.137547
17.190535
17.226318
17.272846
17.330921
17.378696
17.455031
17.529719
17.595048
17.639319
17.67535
17.727754
17.781359
17.833056
17.898436
17.970314
18.038714
18.104552
18.171178
18.234282
18.282648
18.333125
18.373613
18.391301
18.392325
18.392611
18.392973
18.397335
18.397742
18.397182
18.37896
18.345205
18.299414
18.274338
18.246935
18.197584
18.145091
18.112481
18.078103
18.050064
18.055214
18.054336
18.062061
18.066505
18.086114
18.126882
18.173353
18.194265
18.201055
18.157178
18.091041
18.039045
17.99108
17.959874
17.959505
17.94691
17.949428
17.946484
17.943617
17.938893
17.935504
17.896287
17.854693
17.806746
17.803529
17.825674
17.843572
17.860243
17.872413
17.858603
17.83806
17.827397
17.796529
17.762666
17.736032
17.756797
17.845124
17.968801
18.087379
18.163918
18.189324
18.134632
18.062023
18.000636
17.954031
17.900515
17.874148
17.844501
17.82453
17.820671
17.824943
17.821656
17.82102
17.822324
17.825223
17.832567
17.832522
17.832198
17.835599
17.812373
17.783915
17.754019
17.732681
17.70468
17.698163
17.706956
17.72247
17.745277
17.759945
17.772317
17.770893
17.772057
17.757567
17.74054
17.724479
17.7426
17.782637
17.828612
17.861865
17.881021
17.859811
17.827671
17.795429
17.784252
17.767307
17.742536
17.665661
17.645086
17.643643
17.650656
17.661026
17.700497
17.68579
17.646656
17.616933
17.648863
17.680876
17.707745
17.744832
17.777073
17.753898
17.733826
17.744234
17.749982
17.746504
17.730093
17.734309
17.717778
17.684067
17.652461
17.638029
17.609246
17.584792
17.576247
17.567867
17.63656
17.721561
17.791741
17.848576
17.90983
17.88621
17.844075
17.799714
17.763562
17.73773
17.746408
17.758272
17.778065
17.792428
17.79157
17.75248
17.715794
17.659271
17.596542
17.571415
17.628282
17.675935
17.704598
17.129891
16.408053
16.243373
16.079996
15.925653
16.35984
16.904809
16.792049
16.657442
16.54086
16.437529
16.325544
16.229913
16.167801
16.108543
16.049604
16.016281
15.994142
15.965677
15.947767
15.916084
15.864724
15.813783
15.76171
15.720001
15.708163
13.871881
13.556311
13.458708
13.353101
13.224013
14.932891
15.131638
15.116652
15.112386
15.131168
15.146497
15.159881
15.167447
15.169443
15.176456
15.194691
15.202079
15.230233
15.254673
15.268877
15.266474
15.260306
15.248067
15.248372
15.262589
15.278535
15.301373
16.099852
17.968718
19.996238
21.97735
23.872208
24.885164
24.73744
24.361729
23.968412
23.618127
23.317632
23.069323
22.852615
22.659336
22.474799
22.287897
22.107493
19.97532
18.440767
18.293387
18.172183
18.00866
18.676925
18.334784
16.812922
15.499993
14.376115
14.453403
14.991112
15.358857
15.594379
15.772443
15.96831
16.211531
16.500938
16.755693
16.956532
17.118905
17.236688
17.322929
17.415445
17.488391
17.536077
17.580316
17.618573
17.649537
17.692473
17.730017
17.764637
17.800732
17.832433
17.852652
17.886025
17.930722
17.976157
18.003313
18.027047
18.040902
18.040037
18.028179
18.022787
18.022285
18.016289
18.01023
17.991989
17.969907
17.946993
17.926698
17.907852
17.903828
16.329124
13.954524
13.670712
13.530466
13.435838
14.931054
17.250644
17.492289
17.592696
17.662501
17.718477
17.754286
17.786286
17.809747
17.830494
17.853307
17.890546
17.927283
17.967351
17.991976
18.01428
18.012163
17.989465
17.968865
17.949657
17.92439
17.891118
17.86931
17.844672
17.824142
17.807471
17.815775
17.871071
17.930475
17.97521
18.017084
18.026005
17.989853
17.948938
17.922317
17.900693
17.898176
17.879883
17.862875
17.830017
17.791665
17.755895
17.717301
17.682573
17.668566
17.661719
17.660193
17.675446
17.690362
17.700605
17.704502
17.706899
17.709792
17.705647
17.698844
17.684786
17.661382
17.643967
17.698208
17.787195
17.875058
17.94705
17.958228
17.901342
17.798723
17.686929
17.582752
17.546174
17.550503
17.573596
17.600847
17.629553
17.633343
17.598774
17.551839
17.492333
17.434036
17.391564
17.34845
17.314288
17.326114
17.347903
17.347535
17.345436
17.352081
17.35629
17.377742
17.402176
17.419025
17.412272
17.387298
17.303155
16.303062
16.203991
16.184173
16.184166
16.192285
17.145685
17.253003
17.260187
17.257218
17.266202
17.298374
17.329478
17.362521
17.380126
17.246492
17.089969
16.962153
16.850632
16.780954
16.851605
16.955337
17.049633
17.128613
17.1668
17.202323
17.219826
17.211275
17.22127
17.236306
17.238951
17.238379
17.234348
17.195297
17.173724
17.157377
17.152253
17.153594
17.16495
17.160912
17.171162
17.158547
17.14243
17.12546
17.11303
17.099156
17.095615
15.061153
14.891583
14.917639
14.93642
14.955119
17.003124
17.18363
17.160143
17.138036
17.111879
17.090821
17.083738
17.101484
17.122357
17.150174
17.170036
17.180584
17.17394
17.166476
17.149474
17.138373
17.138456
17.145907
17.153359
17.001395
16.033531
15.904977
15.825425
15.754653
15.850215
16.773763
16.836683
16.847644
16.878684
16.897866
16.456832
16.390664
16.5535
16.683752
16.767437
17.237063
17.2863
15.527663
12.829316
10.161304
8.553983
7.53699
8.270476
10.037645
11.771193
12.460968
12.553662
13.059161
13.840326
14.747286
15.79221
16.943943
17.474461
17.645989
17.759042
17.767212
17.705768
17.651412
17.60901
17.741487
18.050006
18.380925
18.67559
18.959001
19.070038
19.251135
19.631393
20.106919
20.619259
21.150527
21.411691
21.537772
21.89418
22.463119
23.197585
24.094366
24.997956
25.661529
26.134385
26.475375
26.736069
26.935343
27.07901
27.191974
27.284001
27.380504
27.466306
27.542876
27.598274
27.649565
27.663711
27.609051
27.670368
28.854572
30.781087
33.343333
36.152953
39.733578
42.406658
43.643246
43.578407
42.828345
40.696394
38.032476
35.743906
33.758547
32.04485
30.596767
29.359244
28.413951
27.521475
26.877358
26.326679
25.577106
24.47166
22.986783
21.13715
19.251536
17.614529
16.330529
16.83021
19.2303
22.201345
25.107283
28.027616
29.69804
29.774331
29.43921
29.077645
28.435772
27.575372
26.81578
26.307827
25.886363
25.778937
25.993153
25.837482
25.789243
25.533821
24.839665
23.76531
22.731538
21.167439
19.782117
18.739895
18.01896
17.564294
17.271982
17.064448
16.918091
16.813221
16.7491
16.716725
16.721462
16.747873
16.795056
17.94691
24.200908
30.779599
36.96624
40.89694
42.55805
38.651415
34.206715
30.077465
28.274315
27.604015
27.447785
27.519866
27.641477
27.78227
28.023985
28.169432
27.996353
27.33655
27.012231
27.029843
27.325278
27.799863
28.719635
29.235319
29.381485
29.33336
29.480512
29.667045
29.816243
30.20537
30.609483
30.82099
31.092557
31.11591
31.192385
31.281633
31.408674
31.494298
31.776685
31.730481
31.60201
31.474187
31.137457
30.920863
31.030012
31.05636
31.122802
31.542174
31.907572
31.797317
31.834741
32.017243
31.975826
31.791372
31.761197
31.774574
31.623519
31.590635
31.791112
31.922768
31.950521
31.96847
32.037888
32.121827
32.337626
32.608976
33.009852
33.360672
33.481437
33.393899
33.160927
32.852681
32.547646
32.479055
32.548326
32.717883
32.888045
33.016344
28.889586
28.52146
28.487476
28.099691
27.085985
30.260062
28.37696
24.825182
21.145173
18.455626
16.057723
15.065406
15.881287
16.433905
18.275476
21.012601
23.99359
26.596483
29.955015
30.596741
28.396664
25.910117
23.543267
21.340741
20.485085
20.824479
17.685447
14.27909
14.534901
14.995919
15.695027
19.558942
23.285822
22.780641
21.88552
25.124564
30.474959
36.047263
41.865485
47.851642
49.323771
48.43729
46.41117
43.075222
39.066801
35.006345
31.118784
28.172249
26.158018
24.290302
22.508961
20.94148
19.527832
18.308665
17.513194
17.076789
16.774532
16.552337
16.382036
16.240728
16.110845
16.971512
21.816268
27.347346
32.0103
35.980433
38.533117
36.990318
34.302398
32.158328
30.387249
28.871574
26.657476
23.205323
19.643435
16.508415
13.629219
11.666234
11.386104
11.551999
11.827093
12.140934
12.531892
12.961946
13.379277
13.747053
14.033408
14.056844
13.925194
13.722994
13.478412
13.25717
13.253959
13.353724
13.491955
13.642139
13.792196
13.920374
14.033205
14.12911
14.72057
16.276142
18.039229
19.166484
19.890134
19.987572
19.060597
17.914827
17.585873
17.74803
18.005315
18.284448
18.443844
18.287398
17.962723
17.647451
17.384348
17.377723
17.654712
17.952194
18.2265
18.333723
18.10363
17.692981
17.295672
16.951948
16.822345
16.886759
17.004676
17.123292
17.209704
17.21301
17.198152
17.447439
17.352106
17.186396
17.003315
16.809114
15.92269
15.007802
14.144287
13.328203
12.467389
11.690134
10.620821
9.384601
9.610771
9.60646
9.999859
10.182203
12.197858
12.917535
13.889086
14.864262
16.635818
16.812694
16.80933
16.803023
16.794878
16.786021
16.771919
16.763507
16.75453
16.750823
16.754651
16.762198
16.770285
16.781997
16.786327
16.79957
16.808084
16.812687
16.808542
16.798966
16.771945
16.749265
16.727972
16.713482
16.700989
16.62506
16.46827
16.327585
16.213763
16.139087
16.156922
16.275316
16.397613
16.50172
16.5862
16.652216
16.707149
16.747371
16.785723
16.816057
16.852005
16.890128
16.927469
16.953671
16.990802
17.024761
17.047287
17.067551
16.658491
15.967095
15.977122
16.003546
16.023014
16.473796
17.200428
17.260283
17.443878
17.671536
17.892587
18.080175
18.202867
18.166461
18.065412
17.966817
17.869036
17.796949
17.740807
17.704642
17.667142
17.64864
17.619533
17.585059
17.542486
17.505329
17.465197
17.434831
17.416933
17.394387
17.371568
17.36479
17.35643
17.35669
17.365916
17.384144
17.39021
17.397935
15.340141
15.260366
15.282632
15.305502
15.327234
17.403683
17.504045
17.503485
17.501375
17.50573
17.514485
17.516132
17.522318
17.550618
17.61294
17.801851
18.138314
18.611106
19.162389
19.956029
20.913282
22.118009
23.615882
25.293784
27.148466
29.171795
31.114975
32.910171
34.528593
35.971551
37.262081
38.451848
39.58829
40.739063
41.798718
42.755875
43.635871
44.344103
44.833541
45.198647
45.515126
45.738473
45.923836
46.048499
46.182959
46.308182
46.456674
46.629767
46.852731
47.124202
47.418708
47.63829
47.765051
47.75451
47.58019
47.269274
46.94397
46.619123
46.309898
46.058449
45.874548
45.74218
45.65618
45.649988
45.659817
45.658565
45.654909
45.681384
45.684232
45.6621
45.638664
45.540374
45.380977
45.215852
45.090096
45.020907
45.010779
45.01748
45.033712
45.238913
46.116238
47.033771
47.970099
48.913033
49.659719
49.694332
49.693658
49.693531
49.691751
49.690104
49.691058
49.692914
49.692024
49.693709
49.694796
49.695152
49.693989
49.694746
49.699025
49.700245
49.699934
49.697034
49.696583
49.692151
49.691795
49.693735
49.697734
49.700983
49.704346
49.706076
49.704397
49.702343
49.701828
49.70029
49.697988
49.696672
49.70001
49.702032
49.700856
49.700182
49.703583
48.883773
46.577948
43.821488
40.947449
38.316586
36.867422
37.001928
37.240832
37.243483
36.869495
36.123839
35.373492
35.356617
35.981056
36.868898
37.797761
38.337975
38.125056
37.502753
36.704758
35.983377
35.940784
36.48487
37.213085
37.991142
38.299566
37.896165
37.173208
36.358033
35.71464
35.820152
36.468148
37.308431
38.151893
38.446857
37.974605
37.174943
36.281482
35.566542
35.654932
36.423267
37.360663
38.270636
38.602604
38.11742
37.195607
36.199075
35.43472
35.513344
36.278608
37.256473
38.036335
38.210336
37.757718
36.961706
36.132836
35.92117
33.784202
27.227115
26.523308
27.366351
29.598428
34.370912
43.784612
47.394484
49.409586
49.708765
49.706731
49.668455
49.246101
48.035428
44.118786
38.996703
33.725943
28.926215
25.052648
24.055448
24.406591
24.930179
25.189677
25.217475
25.085417
24.876072
24.801917
25.006031
25.337706
25.665973
25.950815
26.080653
26.106085
26.083501
26.052245
26.001101
25.987348
25.923303
25.865369
25.838569
27.730261
32.258964
37.033349
41.543041
44.956455
44.210323
40.643927
36.666895
32.21529
28.583368
27.29481
26.314986
25.515903
25.532053
25.768313
26.011121
26.255678
26.461756
26.596534
26.692617
26.749478
26.754361
23.491326
23.577217
23.86272
24.194885
24.529707
28.165904
28.427151
28.514994
28.555615
28.583858
28.581754
28.545163
28.478422
28.405559
28.144299
27.22709
26.153574
25.092812
24.043355
23.222763
23.083941
23.113773
23.138862
23.172903
23.163881
23.150897
23.149028
23.146663
23.122636
23.109252
23.084398
23.04742
23.02757
23.02729
23.217288
23.561871
23.95801
24.375761
24.789119
25.01312
25.129676
25.173
25.183255
25.17979
25.349824
26.404737
27.743728
29.127206
30.484871
31.683393
31.941238
31.90632
31.816817
31.725732
31.625223
31.546593
31.474028
31.401807
31.318033
31.217308
31.132314
31.072478
31.038068
31.015376
31.015846
30.995246
30.981704
30.94215
30.900899
30.889937
30.881214
30.85142
30.828296
30.805807
30.755038
30.705992
30.666521
30.668403
30.701332
30.748044
30.790961
30.827743
30.790853
30.72045
30.77539
32.096954
34.464859
37.38146
40.594181
43.899731
45.997431
47.04692
47.711198
48.106938
43.062354
42.264892
42.488944
42.621256
42.753167
48.175281
49.265671
49.276868
49.299623
49.354551
49.380396
49.277033
49.08692
48.869137
48.557051
48.294787
48.154693
48.098227
48.055793
48.049213
47.98237
48.081664
48.327957
48.600305
48.922977
49.304595
49.51204
49.59877
49.670439
49.702725
48.48036
42.329255
35.716579
28.977639
22.608611
17.103493
16.778544
17.669705
18.899273
20.290458
21.656471
22.773603
23.53427
24.031052
24.357749
24.555002
24.651015
24.645051
24.595108
24.568163
24.569498
24.584382
24.611239
24.663006
24.680586
24.685412
24.684719
24.734134
24.773923
24.778087
24.744968
24.71663
24.680256
24.637898
24.62578
24.627407
24.647575
24.673236
24.730853
24.770623
24.80666
24.832805
24.868931
24.862135
24.856648
23.655614
19.854885
18.719518
17.021124
16.946938
18.227937
22.262846
23.666499
25.583757
25.943255
26.147476
26.21437
26.268915
26.306949
26.339064
26.367542
26.401628
26.384836
26.352397
26.323213
26.315482
26.296084
26.264694
26.242135
26.204133
26.162119
26.150058
26.159944
26.176908
26.200897
26.209544
26.19623
26.172807
26.155322
26.134201
26.090107
26.079572
26.074028
26.040928
26.044717
26.095849
26.087151
26.047337
26.0213
25.976629
25.913162
25.897216
25.929668
25.925223
25.882504
25.836497
25.773113
25.703282
25.614454
25.534647
25.46605
25.383045
25.310709
25.290859
25.259082
25.22265
25.204078
25.194992
25.173375
25.171391
25.158592
25.146843
25.107372
25.084387
25.078099
25.08145
21.946617
21.839255
21.834601
21.819487
21.805589
24.934477
25.0344
25.040936
25.059
25.082391
25.096824
25.111079
25.142627
25.178493
25.231475
25.270545
25.295787
25.285589
25.268822
25.215828
24.449356
23.645231
23.609086
23.574561
23.546033
24.205962
24.991521
24.989264
24.979466
24.988069
24.975633
24.931342
24.872587
24.80577
24.733911
24.67536
24.62274
24.573014
24.532469
24.525074
24.515874
24.427433
24.298561
24.149891
23.951818
23.751227
23.623773
23.467364
23.245423
23.040718
22.883248
22.823024
22.977208
23.263562
23.579012
23.890087
24.129933
24.229964
24.296635
24.290677
24.279926
24.251245
24.235845
24.216002
24.233614
24.254061
24.272633
24.292528
24.329824
24.379996
24.407806
24.487911
24.700614
24.957086
23.171962
20.021651
16.736568
13.304404
9.799923
8.310024
8.190714
8.158994
8.13105
7.593113
6.337438
8.368543
11.955565
15.583538
19.701719
24.619701
26.226844
26.25351
26.224066
26.23099
26.490278
25.907841
24.786702
24.00431
24.079341
24.327319
25.687667
27.760691
29.534326
30.445661
31.064943
31.465648
31.66313
31.924657
32.184702
32.334949
32.481598
32.624814
32.78135
32.879239
32.733372
32.583372
32.487149
32.298766
32.117491
32.095721
32.045918
31.914992
31.767421
31.601425
31.447146
31.150046
30.81942
30.496875
30.127566
29.80464
29.58596
29.411654
29.140094
28.797146
28.42579
28.13309
27.827279
27.659986
27.648814
27.618925
27.556056
27.529963
27.495159
27.501224
27.552935
27.625747
27.72431
27.860278
27.981221
28.136638
28.285429
28.445824
28.593281
28.711649
28.898049
29.332349
29.969524
30.779892
31.68544
32.507412
33.101167
33.503385
33.770844
33.938881
34.067251
34.146002
34.131728
34.064714
33.973151
33.785277
33.490186
33.062542
32.512136
32.020428
31.736699
31.601234
31.564147
31.470315
31.207123
30.692093
30.110158
29.598269
29.235414
29.049848
28.984289
28.970861
28.996516
29.07376
29.160103
29.276952
29.40637
29.529068
29.632896
29.753712
29.866758
28.474766
28.075371
28.112693
28.125594
28.152221
29.686163
30.19713
30.305103
30.466172
30.596951
30.730693
30.846728
30.901185
30.89051
30.88761
30.881068
30.880299
30.873184
30.835398
30.773763
30.686416
30.606806
30.493251
30.386003
30.305694
30.234833
30.159191
30.131922
30.106966
30.091809
30.082875
30.070954
30.058518
30.074286
30.069682
30.06047
30.057456
30.037174
29.990098
29.943087
29.881293
29.825532
29.784046
29.764819
29.64846
26.076609
25.886662
25.766036
25.660677
25.659157
29.113708
29.187958
29.216874
29.234092
29.258698
29.22671
29.146478
29.071618
29.018572
28.989408
29.045308
29.143629
29.218521
29.269157
29.26908
29.289636
29.311298
29.336667
29.361539
29.398454
29.42484
29.438892
29.428344
29.403579
29.335109
29.244258
29.183571
29.10412
29.005646
28.942008
28.868216
28.79204
28.750414
28.763925
28.812863
28.86374
28.867085
28.846745
28.81568
28.751737
28.673253
28.597846
28.543065
28.475898
28.417614
28.361732
28.354249
28.325301
28.276693
28.060258
27.762548
27.474425
27.305911
27.177573
27.243576
27.434929
27.623446
27.740987
27.824227
27.874831
27.921061
27.936301
27.92534
27.916775
27.919675
27.901389
27.88838
27.887541
27.905185
27.9296
27.95081
27.968276
27.911352
27.814938
27.72822
27.668143
27.628348
27.67618
27.759254
27.826662
27.879625
27.94903
28.003703
28.07209
28.126306
28.170361
28.220214
28.267334
28.294006
28.335817
28.382975
28.419839
28.457193
28.492499
28.507892
28.542384
28.52249
28.476604
28.422096
28.365611
28.297821
28.274277
28.265554
28.277234
28.339072
28.401706
28.420367
28.433788
28.430584
28.400434
28.340929
28.300739
28.253079
28.211771
28.173737
28.135296
28.106678
28.100168
28.094414
28.09077
28.114925
28.145793
28.159806
28.185537
28.19318
28.1348
28.005076
27.887255
27.789188
27.715949
25.552564
21.606013
20.336249
19.252203
18.703572
20.197102
23.645568
24.321692
24.785107
24.645903
24.511722
24.383861
24.264005
24.185426
24.109415
24.029024
23.943711
23.87657
23.809079
23.776945
23.758182
23.748944
23.729164
23.724586
23.70981
23.695594
23.711012
23.72795
23.728541
23.73537
23.728134
23.685071
23.69003
23.745326
23.794722
23.84071
23.895084
23.889833
23.816842
23.745377
23.698868
23.673302
23.675216
23.703954
23.703115
23.709467
23.721337
23.738943
23.762652
23.802524
23.820288
23.8291
23.802708
23.734441
23.670104
23.603325
23.521331
23.451742
23.414287
23.348996
23.292269
23.249301
23.221428
23.198265
23.21402
23.226603
23.261
23.279489
23.292587
23.265705
23.233215
23.195417
23.165286
23.154865
23.148748
23.15262
23.147133
23.152531
23.143395
23.158387
23.169571
23.193471
23.203008
23.205513
23.201762
23.198564
23.170696
23.148424
23.138277
23.124632
23.113423
23.128523
23.130444
23.119012
23.113239
23.102646
23.064498
23.031099
23.014746
22.993828
22.963271
22.941679
22.92916
22.907962
22.585627
19.977051
19.897181
19.913204
19.939431
20.278227
22.927977
23.058375
23.08279
23.103644
23.11898
23.148278
23.181206
23.227976
23.25531
23.28064
23.278599
23.240165
23.196758
23.16004
23.124753
23.095557
23.071771
23.030978
22.99192
22.951496
22.890153
22.844915
22.841081
22.836929
22.831544
22.848043
22.867887
22.854281
22.84187
22.836141
22.842022
22.842416
22.82572
22.805826
22.779611
22.746816
22.700377
22.668733
22.623444
22.582969
22.536631
22.513787
22.50205
22.507874
22.504504
22.506443
22.48824
22.462274
22.438736
22.410538
22.373521
22.322771
22.268861
22.200703
22.133301
22.071278
22.040034
22.023077
22.01979
22.046176
22.079645
22.121805
22.31202
23.529133
26.042759
28.962373
31.777435
34.21198
35.393812
35.127561
34.398932
33.51359
31.941156
29.941326
27.716318
25.220654
22.840668
21.398034
20.702353
20.449327
20.599129
20.953624
21.237022
20.411312
20.625522
20.917586
21.176411
21.511487
20.771834
20.613664
21.055067
21.552662
22.080478
24.732163
25.788519
26.084589
26.332318
26.541728
26.720186
26.861774
26.982323
27.069143
27.142025
27.198962
27.233677
27.26162
27.282316
27.302319
27.331769
27.375564
27.416904
27.470165
27.619523
28.018365
28.710295
29.617102
30.66942
31.735218
32.55518
33.526064
34.783926
36.049247
37.235243
38.878297
40.407477
39.858839
38.387619
36.524048
33.872014
30.558256
28.50957
26.919105
25.268301
23.722329
22.284674
20.995511
19.875307
19.086824
18.299014
18.039128
19.223618
21.118177
23.186941
25.358382
27.163217
27.661759
27.696672
27.69814
27.652159
27.689347
27.083448
25.584208
24.1398
22.857415
21.604684
21.031726
21.269289
21.382387
21.400393
21.408118
21.404863
21.388624
21.366428
21.428286
21.49846
21.623637
21.793315
21.986842
22.152807
22.324634
22.470228
22.553022
22.642455
22.757625
22.851197
22.94749
23.106779
23.248933
23.338162
23.454953
23.588034
23.734321
24.016988
24.39776
24.717781
25.03845
25.418466
25.813296
26.124117
26.578554
26.993291
27.239043
26.663129
24.453266
21.802274
19.014507
16.26726
14.156996
13.603997
13.372684
13.21981
13.07037
12.977784
12.92498
12.882292
12.899153
12.943088
13.011227
13.124426
13.266281
13.404639
13.534916
13.650067
13.758339
13.854111
13.945648
14.049946
14.164486
14.28803
14.402621
14.515585
14.612298
14.698399
14.776877
14.856448
14.933107
14.992085
15.049047
15.098665
15.140647
15.172374
15.203484
15.216957
15.218693
14.866481
13.319409
13.370757
13.50633
13.650449
14.151745
15.848784
15.954799
16.044988
17.03122
18.334091
19.690014
21.102161
22.492296
23.011986
22.888843
21.99835
22.164627
22.342723
22.497771
23.011268
24.270961
24.437237
24.541993
24.614481
24.613477
24.572461
24.495522
24.434789
24.403883
24.401092
24.394301
24.37201
24.329023
24.296616
24.290105
24.303616
24.376321
24.453667
24.472143
24.452338
24.453622
24.405301
24.351194
24.104176
23.734925
23.39073
23.079306
22.770208
22.712095
22.808623
22.882981
22.9558
23.044838
23.137425
23.236579
23.323386
23.396631
23.475986
23.497762
23.453491
23.39939
23.358431
23.296701
23.283749
23.32514
23.382401
23.395035
23.432388
23.423284
23.445016
23.518407
23.675699
23.8232
23.961558
24.048295
24.049808
24.016454
23.989419
23.962976
23.943419
23.949878
23.966829
23.914896
23.495937
22.931582
22.338717
21.72035
21.182285
21.066543
21.137041
21.253197
21.388204
21.547976
22.192602
23.068376
23.935477
24.713521
25.356456
25.481163
25.322262
25.086009
24.906082
24.660107
23.81983
22.824067
21.839068
20.898626
20.109462
20.221231
22.061493
24.295001
26.470288
28.553333
30.431864
30.729663
30.605331
30.522721
30.446036
30.485996
30.551688
30.632652
30.717131
30.814677
30.451078
29.590468
28.701228
27.778589
26.896883
26.160555
26.019546
25.942301
25.873946
25.784583
25.787247
25.845487
25.906092
25.96753
26.060536
26.093649
26.09679
26.088957
26.094393
26.114599
26.152327
26.16374
26.161668
26.153389
26.12165
26.093058
26.029655
25.959716
25.919247
25.893764
25.857949
25.861789
25.878161
25.898094
25.89129
25.926298
25.990006
26.053841
26.107624
26.168064
26.182204
26.166913
26.151603
26.123125
26.088403
26.080939
26.066252
26.026171
25.999721
25.979661
25.954617
25.948157
25.955768
25.956868
25.97673
25.988251
25.851069
25.629796
25.393943
25.134133
25.107327
25.966863
27.409992
29.035599
30.780935
32.435356
33.26977
33.650549
33.874061
33.964651
33.436772
32.134645
30.627514
29.057325
27.529079
26.530073
26.295295
26.280468
26.335643
26.372717
26.399008
26.450725
26.48137
26.501278
26.556192
26.623842
26.636825
26.664191
26.645186
26.561692
26.42308
26.235625
24.201029
22.384464
22.221169
22.1193
22.076517
23.801468
25.457911
25.435925
25.388074
25.338895
25.312267
25.30521
25.322154
25.345024
25.38129
25.388691
25.377285
25.360506
25.345959
25.311587
25.294121
25.291273
25.276376
25.268625
24.508791
21.96361
21.859312
21.810126
21.761887
22.404383
24.994154
25.113533
25.163221
25.192653
25.232263
25.268161
25.278576
25.286631
25.307893
25.315796
25.315739
25.3609
25.454593
25.573063
25.683102
25.798749
25.893757
25.92331
25.897515
25.87399
25.85332
25.84068
25.873818
25.916437
25.940457
25.9496
25.942098
25.894266
25.859061
25.854458
25.795818
25.690566
25.652297
25.612756
25.487896
25.390115
25.330286
25.201045
25.091375
25.068944
25.087738
25.115625
25.155623
25.477615
27.605516
31.074544
35.191085
39.573018
41.623191
41.051422
40.808468
41.479899
41.985385
44.512032
47.9095
49.640575
49.782525
49.798274
49.483823
48.24307
46.620961
44.826471
42.891162
41.18882
40.236425
39.53499
38.9009
38.323682
37.790468
37.274981
36.817302
36.39704
36.021824
35.682856
35.386608
35.155009
34.955308
34.75782
34.575051
34.428593
34.265635
34.112533
33.972624
33.845316
33.709565
33.579269
33.460996
33.33859
32.789558
31.816455
30.748216
29.638357
28.555883
27.930878
27.739086
27.678055
27.691916
27.708021
27.76565
27.898585
28.034133
28.144038
28.251687
28.32963
28.348298
28.357657
28.41493
28.504376
28.662234
29.510566
30.967811
32.663185
34.44672
36.260227
37.426679
38.033741
38.428927
38.711976
38.888934
38.665822
37.760166
36.467074
34.985268
33.376586
32.036959
31.251839
30.746309
30.317482
29.478515
28.592193
27.798286
27.065824
26.470148
26.438358
26.549027
26.693679
26.840792
26.985884
25.648329
24.253298
23.254559
23.010327
23.203593
24.121705
26.237615
27.639182
28.066495
28.039194
28.499092
29.526404
30.73337
31.958806
32.388859
31.722464
30.155853
28.109686
25.933235
24.463998
23.561203
22.924054
22.495418
22.160507
21.886595
21.65593
21.451537
21.275959
21.117134
20.970638
20.835535
20.729394
20.642568
20.578548
20.524982
20.477646
20.419577
20.361357
20.301616
20.232415
20.179255
20.58305
21.724928
23.392161
25.514403
27.956933
30.258098
32.095593
33.635805
34.866728
35.441644
34.610434
32.866478
30.553373
27.928932
25.426801
23.919805
22.972134
22.284305
21.735158
21.152892
20.660281
20.324912
20.155819
20.134354
20.319514
20.526514
20.659855
20.698474
20.690571
20.641608
20.505068
20.328434
20.141189
19.926464
19.721499
19.588088
19.502832
19.433421
19.371322
19.098516
18.574109
17.938473
17.271943
16.599507
16.139679
15.971107
15.929169
15.951721
16.010654
16.16794
16.516649
16.915942
17.293599
17.65248
17.913746
17.263703
15.941402
16.611009
17.498183
18.522055
20.288315
22.721899
23.24658
23.628974
23.960191
24.314921
24.71216
25.100829
25.489587
25.822623
26.177512
26.547246
26.883728
27.209599
27.589869
27.923979
28.22319
28.509214
28.755888
29.094023
29.483157
29.899699
30.30359
30.73171
31.078022
31.354789
31.550573
31.723913
31.871052
32.012659
32.143489
32.275412
32.399255
32.520274
32.618246
32.71211
32.803724
32.883371
32.949463
32.758105
31.793807
30.411187
28.93848
27.137657
25.381863
24.367254
23.696789
23.178644
22.779789
22.105122
21.469632
20.911546
20.505856
20.214898
20.254515
20.480946
20.695575
20.827664
20.904209
20.949536
20.875566
20.714884
20.52151
20.299391
20.035486
19.813399
19.659737
19.546862
19.341013
18.767095
18.447386
18.351862
18.42313
18.726486
19.661193
20.559105
21.455416
22.315002
22.96671
22.815948
21.905351
20.676342
19.22302
17.524454
16.320719
16.27688
16.406216
16.756291
17.420697
18.342999
18.600666
20.39445
22.249196
24.771151
27.946112
31.200682
34.885891
37.190324
38.730567
39.468071
39.886242
40.351468
40.932717
41.599189
42.32003
43.038892
43.54715
43.899381
44.164341
44.452654
44.671391
44.901681
44.815332
44.345165
43.554399
42.481448
41.18065
39.914542
38.485202
35.43863
31.978153
28.725599
25.371067
22.51193
20.797171
20.450439
20.342562
20.320741
20.357313
21.225794
23.137679
25.493885
27.995673
30.457404
32.243361
32.934605
33.080414
33.045496
32.511418
30.020541
27.509891
25.334927
24.44013
23.756644
23.687748
25.881175
28.235289
29.631287
30.081229
29.970077
28.815063
27.085139
25.271989
22.832492
20.713804
19.296462
17.431792
17.292798
17.559729
18.353089
20.122516
22.257677
25.245234
28.322916
31.431334
34.183228
35.778749
36.879935
37.728522
38.271635
38.652057
38.764493
38.842405
38.963991
39.20987
39.429262
39.763741
39.077222
36.569076
33.274425
29.875577
26.497787
24.120217
23.416875
23.267346
23.063735
22.776458
22.454943
22.160392
21.959782
21.955891
22.154486
22.651159
23.311591
23.987868
24.744587
25.574112
26.79001
28.303677
29.834739
31.310454
32.631344
33.394637
33.793517
34.13244
34.378275
34.666703
34.881173
34.831803
34.595225
34.345022
34.044546
33.728493
33.632556
33.679377
33.702863
33.841012
34.502486
35.449369
36.540872
37.680359
38.679244
39.358948
39.563957
39.706773
39.90339
39.851711
38.641783
36.753467
34.984664
32.698224
30.33573
28.365261
27.655408
27.578113
26.467751
24.175634
22.609597
21.047946
19.556736
17.954038
17.932134
18.477669
18.241734
17.758323
17.508133
17.267111
16.965974
16.639716
16.430879
16.408651
16.264125
16.207456
16.196463
16.231254
16.025195
13.435571
11.773495
11.64063
11.593638
11.387782
11.761376
14.677208
15.493088
15.40775
15.487379
15.674726
15.655327
15.621362
15.663434
15.383767
14.909659
14.828174
15.17453
16.065957
17.044115
18.266365
19.937356
22.11099
24.037652
24.669542
24.993988
25.36104
25.676114
25.979057
26.334175
26.61337
26.832285
27.011863
27.158429
27.258327
27.440657
27.926573
28.490267
29.056695
29.548467
30.053355
30.272511
30.328348
30.516706
30.792633
31.129739
31.494438
31.855277
32.366428
32.963464
33.611085
34.220207
34.838428
35.27175
35.485692
35.599616
35.643354
35.696475
36.279625
37.493152
39.012802
40.629323
42.508184
44.155675
45.217333
45.94064
46.414768
46.783174
46.94741
46.990587
47.061836
47.155706
47.175048
47.230884
47.227031
47.055376
46.793589
46.442407
46.099198
45.898684
45.824771
45.849078
45.952308
45.99902
46.044423
46.099446
46.151798
46.31068
46.585368
46.832328
47.117189
47.47134
47.797306
47.978091
48.152709
48.367587
48.633234
48.857705
49.14111
49.420465
49.571628
49.568144
49.256585
48.805703
48.374072
47.88148
47.380668
47.121773
46.936906
46.682977
46.471088
46.322214
46.199497
46.048016
45.979851
45.92245
45.844398
45.782992
45.726151
45.348659
44.657804
43.626874
42.424238
41.004837
39.698361
38.658269
37.802275
37.001749
36.352177
35.491497
33.315682
30.361543
27.043214
23.828592
21.030588
19.888119
19.756659
18.503483
18.555632
18.638916
18.701728
18.759186
20.299766
21.09635
21.474515
21.841389
22.187319
22.458898
22.67057
22.878435
23.072617
23.270137
23.52528
23.803382
24.038383
24.234504
24.416326
24.532081
24.635514
24.789436
24.934903
24.564138
23.562958
22.30191
20.992484
19.441223
18.11695
16.604982
15.334327
14.708591
14.50739
14.50676
15.040692
16.13849
16.672797
16.811873
16.907855
16.985366
17.048444
17.11097
17.164982
17.203982
17.229573
17.249665
17.251292
17.25114
17.245837
17.245023
17.229179
17.211542
17.191285
17.167995
17.145965
17.120081
17.103188
17.098018
17.088723
17.079052
17.07684
17.068231
17.039238
17.019426
16.98761
16.958185
16.962547
16.995863
17.017004
17.040618
17.062108
17.038284
16.999074
16.977349
16.995164
17.036008
17.09283
17.149322
17.204777
17.226763
17.231086
16.267311
15.029432
14.931263
14.690089
14.428988
14.813448
16.08793
15.875844
15.759644
15.637493
15.496712
15.348919
15.189128
15.02968
14.862196
14.694889
14.523266
14.34805
14.19009
14.04533
13.914652
13.788349
13.68325
13.581146
13.514004
13.467603
13.444905
13.440238
13.461614
13.490918
13.518214
13.553456
13.60146
13.642622
13.677973
13.715702
13.747282
13.77103
13.788374
13.802864
13.803278
13.801854
13.789036
13.777184
13.773675
13.77913
13.78365
13.798522
13.807258
13.817959
13.821748
13.821494
13.811518
13.797486
13.776707
13.75673
13.734496
13.713731
13.69664
13.676091
13.647867
13.614481
13.586467
13.566134
13.548662
13.539786
13.534299
13.526536
13.51712
13.512269
13.506235
13.495312
13.481623
13.460463
13.430644
13.400786
13.377452
13.355631
13.348637
13.351759
13.356579
13.359052
13.361188
13.363572
13.359001
13.354156
13.358709
13.366192
13.369765
13.376505
13.379633
13.381858
13.376835
13.368494
13.359122
13.357202
13.35359
13.350538
13.355269
13.357055
13.349782
13.335781
13.331992
13.315582
13.306801
13.297665
13.293856
13.28196
13.329341
13.584484
14.098013
15.357788
17.247408
19.161703
20.94635
22.526903
23.546001
23.823067
24.179233
24.635546
25.122135
25.70353
26.418769
27.105523
27.714818
28.245507
28.716583
29.16971
29.63762
30.120414
30.606615
31.123158
31.588168
31.970327
32.316422
32.613598
32.891828
33.238902
33.710137
34.273182
34.910815
35.56651
36.172218
36.680819
37.121726
37.535421
37.918476
38.261169
38.590098
39.010411
39.433286
39.868789
40.28406
40.663389
40.969702
41.225716
41.468353
41.690752
41.959323
42.332237
42.904082
43.577116
44.414779
45.370563
46.384396
47.27506
48.037622
48.629431
48.96522
49.119251
49.166491
49.182908
49.197125
49.290398
49.449769
49.593487
49.368049
48.425178
46.860011
44.409737
41.413133
38.299941
35.348377
30.564932
25.936986
22.004836
18.627351
16.467895
15.661456
15.90216
16.113477
16.237218
15.983556
15.215285
15.182019
15.243591
15.194411
15.051291
14.907383
14.895703
14.858216
14.829839
14.818261
14.799874
14.631398
14.46715
14.304446
14.151548
13.936988
13.538318
13.138376
12.789706
12.466181
12.199231
12.141856
12.126934
12.113512
12.09309
12.068026
12.043821
12.018846
11.99138
11.534043
11.262185
11.243168
11.250003
11.268943
11.679217
12.016659
12.077392
12.136185
12.198977
12.255405
12.318922
12.3768
12.427289
12.465177
12.490768
12.50756
12.517491
11.77724
11.045521
11.328881
11.65128
11.97427
12.811482
13.689297
13.162359
11.827481
9.055711
8.013845
8.250607
8.913862
9.794481
12.496427
14.01408
14.06949
14.077959
14.062897
14.048763
14.034279
14.018766
14.006062
14.004676
14.00336
14.003544
14.000632
13.996131
14.012535
14.041146
14.067933
14.106272
14.14779
14.174716
14.204784
14.244394
14.283465
14.321136
14.34414
14.354141
14.358509
14.354097
14.350034
14.353696
14.359577
14.367277
14.372224
14.368707
14.36535
14.352539
14.329262
14.307263
14.287979
13.860736
13.618697
13.833275
14.098343
14.381862
14.92001
15.743069
15.911602
16.047754
16.168373
16.238146
16.269186
16.279995
16.279397
16.27824
16.480071
16.858758
17.303594
17.78963
18.320695
18.709307
18.922696
19.079149
19.203087
19.293779
19.370527
19.436867
19.491757
19.60261
19.738997
19.877997
20.011707
20.15114
20.209513
20.158642
20.057091
19.940236
19.850123
20.007892
20.299092
20.646166
21.043031
21.436125
21.622792
21.737854
21.857328
21.961105
22.045171
22.127807
22.207563
22.275766
22.33812
22.394751
22.445444
22.485888
22.517697
22.545043
22.56488
22.585417
22.609298
22.629936
22.653404
22.688475
22.706646
22.706538
22.707676
22.697618
22.665986
22.6385
22.617035
22.588469
22.564575
22.451401
22.260875
22.05886
21.848077
21.631343
21.479417
21.407832
21.351506
21.274471
21.208239
21.154463
21.105296
21.040926
20.978471
20.907909
20.802136
20.692294
20.597896
20.518337
20.444145
20.428282
20.533978
20.680297
20.862684
21.06482
21.247055
21.320834
21.366835
21.384498
21.37833
21.374655
21.358849
21.346216
21.318704
21.299471
21.277269
21.2622
21.239953
21.235293
21.220161
21.053318
20.753542
20.366901
19.906042
19.398515
19.012866
18.732851
18.497805
18.307413
18.159702
18.092427
18.047609
18.036953
18.048792
18.076113
18.053599
18.029743
18.010446
17.98956
17.974574
18.098436
18.339038
18.59619
18.86899
19.143264
19.286365
19.327604
19.355986
19.375531
19.394154
19.416769
19.432321
19.458777
19.49039
19.525874
19.554409
19.588088
19.6017
19.612916
19.619827
19.632111
19.646118
19.664276
19.679593
19.692837
19.685716
19.675626
19.668536
19.661593
19.65432
19.794572
20.357656
21.13535
22.077127
23.11727
24.113198
24.710927
25.185424
25.561338
25.649251
25.677755
25.542404
25.215834
24.976033
25.026955
25.104333
25.335131
25.649207
25.946014
26.214929
26.491651
26.752943
26.996285
27.133569
27.192343
25.337687
23.113728
21.668042
19.290504
17.378874
17.481575
18.241251
18.013358
18.651963
18.856852
18.706026
18.579443
18.482584
18.402771
18.353992
18.301182
18.246687
18.190997
18.149103
18.088295
18.03935
17.985529
17.940361
17.892091
17.840419
17.691239
17.520035
17.363296
17.20416
17.056627
17.10814
17.560021
18.287264
19.235291
20.280914
21.373867
22.190765
22.752971
23.126552
23.428103
23.62589
23.720765
23.42968
22.833305
22.102362
21.560851
21.341657
21.763706
22.51991
23.263766
23.789865
23.99111
23.842866
23.603236
23.500452
23.46203
23.45391
23.494373
23.546255
23.583119
23.624453
23.680169
23.715075
23.752511
23.79909
23.870148
23.99415
24.305008
24.728418
25.207721
25.689562
26.160663
26.461451
26.64649
26.7743
26.881312
26.957864
27.023784
27.088668
27.151155
27.205224
27.265562
27.314634
27.373236
27.444186
27.520458
27.614188
27.7594
28.124691
28.673729
29.294589
29.990289
30.64545
31.076045
31.305813
31.427074
31.508317
31.615387
31.750509
31.913447
32.140049
32.41653
32.759459
33.145146
33.511263
33.736351
33.39231
32.46934
31.202634
29.789101
28.327157
27.261938
26.618253
26.169278
25.795881
25.49854
25.253766
25.051681
24.886181
24.755472
24.659306
24.562409
24.481432
24.419562
24.333194
24.149356
23.94036
23.709098
23.453357
23.209907
23.022998
22.872668
22.731462
22.580006
22.430655
22.473953
22.646187
22.848736
23.073164
23.310981
23.445257
23.442116
23.417237
23.388956
23.358126
23.329311
23.283368
23.233126
23.180742
23.12612
23.069037
23.021562
22.978861
22.930444
22.90154
23.010486
23.395601
24.004342
24.685323
25.391578
26.017047
26.355601
26.452753
26.437964
26.378262
26.32369
26.284137
26.25571
26.254368
26.252989
26.262786
26.227308
26.128014
25.97701
25.766958
25.38555
24.778984
24.018762
23.317638
22.681271
22.086747
21.687218
21.462174
21.313408
21.214292
21.178318
21.200749
21.329119
21.551683
21.825583
22.094974
22.334101
22.496556
22.473032
22.395317
22.292316
22.414486
22.874639
23.486197
24.150228
24.826275
25.347561
22.864403
18.744581
17.737304
16.885678
15.847983
17.124678
20.088576
19.640135
19.103501
19.462274
20.417308
21.74816
23.242358
24.893226
26.129146
26.983893
27.466706
27.814747
28.203677
28.646962
29.144742
29.702803
30.191688
30.553786
30.801904
30.964975
31.051007
31.053346
31.016253
30.962903
30.8789
30.771741
30.685513
30.601669
30.536702
30.505433
30.497085
30.490492
28.03529
26.372101
26.158272
25.961312
25.742073
27.991584
29.446153
29.446604
29.431135
29.431459
29.417007
29.410306
29.405696
29.411736
29.464419
29.560967
29.641937
29.431485
28.928942
28.181996
27.204143
26.075624
25.116667
24.348587
23.714973
23.14988
22.620526
22.168365
21.787898
21.469416
21.270555
21.172564
21.107654
21.057871
21.007375
20.978611
21.047475
21.124109
21.205988
21.295612
21.358538
21.337639
21.315335
21.290099
21.254329
21.259854
21.375247
21.753558
22.423776
23.306015
24.306719
25.254383
26.106746
26.726818
27.194276
27.523757
27.780611
27.989181
28.13852
28.250511
28.328448
28.370907
28.344807
28.309704
28.262642
28.170043
28.079269
27.976554
27.788082
27.510202
27.197614
26.860331
26.548461
26.284989
26.06554
25.922089
25.81877
25.708515
25.636325
25.595201
25.54016
25.493383
25.46076
25.442321
25.413138
25.392894
25.396868
25.42326
25.455101
25.51624
25.587311
25.638424
25.668802
25.692861
25.692887
25.678759
25.705565
25.917537
26.306619
26.85122
27.481025
28.166444
28.709627
29.11985
29.413161
29.611284
29.734014
29.797582
29.818965
29.792757
29.744117
29.67086
29.584352
29.467338
29.335071
29.196013
29.003364
28.615076
28.065694
27.382328
26.603115
25.734729
24.978456
24.317165
23.786857
23.351692
22.993758
22.713545
22.496747
21.396622
17.407154
14.758642
12.844773
12.629857
13.17449
16.929243
19.378983
21.223238
21.293259
21.353623
21.410915
21.450094
21.469664
21.468691
21.420357
21.26969
21.068025
20.866226
20.66594
20.466608
20.337094
20.266577
20.192874
20.134545
20.10512
20.108877
20.205374
20.369266
20.559531
20.753205
20.918356
20.995905
21.015386
20.997005
20.95672
20.91367
20.942173
21.264368
21.865162
22.672904
23.651316
24.615003
25.41378
25.965737
26.330201
26.579685
26.746051
26.907628
27.118526
27.396138
27.68709
27.992144
28.260798
28.427888
28.506614
28.523851
28.491997
28.432142
28.356334
28.240331
28.134075
28.037827
27.944465
27.854434
27.794268
27.762592
27.742132
27.72377
27.661645
27.551161
27.347823
26.992451
26.574796
26.110123
25.648164
25.178633
24.833078
24.605205
24.426994
24.288999
24.172633
24.076042
23.984746
23.916893
23.85796
23.798995
23.815767
23.907279
24.065182
24.274197
24.507291
24.696634
24.818118
24.901714
24.93332
24.95837
24.935513
24.819936
24.615823
24.364628
24.069931
23.78118
23.559785
23.376565
23.22886
23.114745
23.03684
22.979992
22.954077
22.962005
21.161437
20.16905
20.212845
20.250326
20.282644
22.111715
23.106906
23.043955
22.974175
22.887215
22.789657
22.685951
22.563698
22.401694
22.225626
22.045222
21.928889
21.873694
21.845916
21.840009
21.839672
21.785616
21.691923
21.600405
21.535171
21.478623
21.421864
21.40904
21.467356
21.538643
21.647722
21.793525
21.910819
21.990918
22.055217
22.105967
22.157404
22.209299
22.17225
22.060965
21.905332
21.657698
21.339851
21.040087
20.749116
20.466449
20.232682
19.893911
19.196335
19.083746
19.002833
18.910667
18.916847
19.472205
19.432372
19.389798
19.372784
19.369732
19.365695
19.339271
19.308422
19.274145
19.240416
19.213521
19.201269
19.182322
19.165422
19.148154
19.129957
19.111868
19.105046
19.092171
19.0961
19.110469
19.13819
19.173669
19.218321
19.258714
19.298179
19.337796
19.374234
19.413164
19.443868
19.457684
19.471837
19.478684
19.485081
19.536962
19.328062
15.960254
12.907476
9.44068
6.228632
2.806666
2.438528
1.689807
1.316181
0.622694
0.389486
0.253792
0.175365
0.135398
0.108059
0.096055
0.092017
0.089627
0.089627
0.110017
1.93074
4.014649
5.780483
7.433207
9.082351
8.940172
8.40954
8.143054
7.906114
7.674782
7.448041
6.829686
5.521322
4.169208
2.799234
1.489248
2.687796
6.573462
10.593036
14.766825
18.971266
22.027267
22.30074
22.455413
22.420043
22.279307
22.083409
21.893792
21.703895
21.522824
21.35403
21.210789
21.09972
21.00047
20.921903
20.87973
20.829889
20.77973
20.740978
20.706625
20.66526
20.626603
20.586013
20.557923
20.53326
20.51465
20.482929
20.443789
20.378307
20.312024
20.233979
20.172089
20.125173
20.095036
20.075479
20.045723
19.997497
19.953575
19.922548
19.885913
19.869865
19.887826
19.978473
20.108483
20.262171
20.424041
20.572476
20.676876
20.721039
20.742383
20.742682
20.749816
20.771198
20.816092
20.860389
20.897781
20.946013
20.964299
20.954431
20.934054
20.891601
20.828649
20.772648
20.756015
20.745219
20.7342
20.739846
20.733234
20.692593
20.576743
20.434099
20.289415
20.15938
20.026559
19.928213
19.841972
19.75109
19.640605
19.56221
19.477801
19.373318
19.217984
19.007182
18.702872
18.32793
17.891856
17.502506
17.107492
16.759928
16.49107
16.29074
16.123676
15.979404
15.821292
15.621928
15.417376
15.214306
15.049396
14.942301
14.891983
14.886662
14.89047
14.894794
14.888734
14.913187
14.948844
14.987901
15.041226
15.102893
15.138664
15.139776
15.14155
13.974819
11.951603
10.519066
10.485368
10.515194
11.12136
13.337587
15.148214
15.224625
15.228573
15.258323
15.320072
15.375241
15.410847
15.452524
15.461622
15.431822
15.375699
15.340971
15.324765
15.354539
15.417561
15.479889
15.529844
15.548798
15.546038
15.544989
15.554113
15.566314
15.577441
15.678006
16.01562
16.663431
17.721866
19.185927
20.780341
22.161931
23.245849
23.916295
24.163223
24.236583
24.263217
24.246832
24.198384
24.127517
24.026334
23.903382
23.795269
23.689134
23.5875
23.485688
23.405557
23.336343
23.267981
23.198831
23.134227
23.077474
23.003664
22.927055
22.837419
22.755654
22.654618
22.572764
22.51516
22.494039
22.496467
22.521226
22.560906
22.597313
22.638888
22.667347
22.672325
22.640967
22.60718
22.576172
22.530528
22.503436
22.510233
22.516635
22.509883
22.483033
22.445596
22.389029
22.325448
22.242094
21.476969
20.703917
20.580697
20.525071
20.506034
21.179011
21.868029
21.901155
21.873637
21.820973
21.77042
21.728419
21.711665
21.706369
21.697289
21.720121
21.751784
21.770172
21.767082
21.704932
21.520618
21.47264
21.447144
21.455193
21.53292
21.734827
21.790333
21.816497
21.836868
21.831127
21.779677
21.733626
21.717673
21.698338
21.703991
21.750684
21.790715
21.81965
21.823605
21.808015
21.781591
21.762409
21.731604
21.724578
21.738871
21.72721
21.681165
21.61377
21.516873
21.42573
21.369976
21.330333
21.301944
21.28582
21.257699
21.220656
21.190348
21.20677
21.26283
21.31309
21.364508
21.419842
21.451251
21.444937
21.427097
21.404837
21.359542
21.304341
21.218965
21.125832
21.020428
20.93694
20.862373
20.800788
20.764395
20.748105
20.721694
20.693381
20.669323
20.651253
20.620047
20.579375
20.535313
20.498233
20.446847
20.39316
20.341844
20.290095
20.251871
20.203117
20.164714
20.124887
20.083547
20.041348
20.021905
19.989619
19.982148
20.001865
20.021092
20.020233
20.01495
19.995265
19.959819
19.917449
19.877011
19.866482
19.84173
19.836714
19.864492
19.943072
20.031888
20.156423
20.269355
20.342276
20.379687
20.378523
20.353021
20.313277
20.294234
20.263474
20.24358
20.224334
20.2117
20.193319
20.154554
20.105997
20.007155
19.90079
19.778232
19.673362
19.590205
19.565962
19.556132
19.561174
19.579555
19.588533
19.587846
19.578474
19.55453
19.548216
19.551357
19.571175
19.603913
19.635735
19.649933
19.648528
19.629402
19.604205
19.604492
19.590485
19.589493
19.58983
19.58365
19.577304
19.57506
17.647858
17.043314
17.140923
17.223775
17.279077
19.067069
19.837292
19.750117
19.667595
19.611225
19.586657
19.613336
19.668346
19.727272
19.818225
19.916692
19.972185
19.957886
19.915395
19.843587
19.774004
19.740116
19.752469
19.782149
19.821747
19.87373
19.907664
19.936313
19.962871
19.975205
19.977539
19.972967
19.965255
19.963939
19.95575
19.932479
19.906951
19.868059
19.846232
19.829415
19.809832
19.790898
19.792576
19.764314
19.740453
19.76029
19.785004
19.811129
19.854421
19.894331
19.918065
19.917271
19.895653
19.881646
19.88466
19.855241
19.827113
19.808503
19.758255
19.661218
19.55268
19.438412
19.335278
19.251771
19.214532
19.22192
19.297333
19.400213
19.511511
19.630725
19.740027
19.790618
19.801426
19.800892
19.762432
19.719509
19.677088
19.635493
19.590892
19.549348
19.51401
19.474335
19.453576
19.455242
19.477101
19.483834
19.489423
19.496525
19.483345
19.489391
19.504117
19.527317
19.502133
19.466998
19.426644
19.364659
19.259
19.139774
19.02653
18.897932
18.798148
18.746145
18.771845
18.84549
18.928686
19.021259
19.107443
19.155828
19.164195
19.100869
18.886576
18.585966
18.180436
17.660568
17.049799
16.439519
15.799751
15.145174
14.50732
13.929174
13.339056
12.792141
12.276997
11.798336
11.367532
10.955866
10.572423
10.202275
9.875235
9.556651
9.255602
8.966208
8.699017
8.462287
8.23332
8.025767
7.829385
7.64619
7.470586
7.304469
7.1471
6.987532
6.835472
6.690235
6.544997
6.401031
6.264479
6.127761
5.997751
5.867176
5.733427
5.607029
5.480643
5.353214
5.226886
5.107659
4.996857
4.892159
4.790207
4.693539
4.596203
4.502244
4.408551
4.314636
4.220015
4.124574
4.030214
3.934182
3.844355
3.749995
3.663156
3.572566
3.484698
3.401534
3.321321
3.241927
3.169293
3.089499
3.01181
2.938545
2.865415
2.791769
2.722047
2.652051
2.583072
2.514411
2.443926
2.38325
2.321514
2.260737
2.203037
2.14762
2.091568
2.039241
1.984631
1.937734
1.888885
1.841212
1.793895
1.744894
1.693838
1.647501
1.601239
1.562646
1.525934
1.49361
1.463104
1.438244
1.405557
1.380144
1.351812
1.321999
1.291468
1.267625
1.24101
1.218312
1.196491
1.177944
1.154324
1.134976
1.112844
1.093598
1.06451
1.043592
1.012889
0.986617
0.956798
0.938766
0.910428
0.89028
0.870436
0.851788
0.830456
0.817492
0.800109
0.782002
0.769959
0.756995
0.747827
0.745309
0.668239
0.537987
0.408423
0.271756
0.139947
0.068632
0.068842
0.069332
0.069281
0.069738
0.070107
0.068778
0.068931
0.070317
0.05893
0.045925
0.032928
0.01826
0.00464
0
0.004489
0.010007
0.016097
0.019422
0.022678
0.026776
0.038542
0.051215
0.068484
0.085685
0.098019
0.107987
0.095909
0.087243
0.077172
0.068131
0.049559
0.053964
0.055528
0.057626
0.060621
0.065383
0.068797
0.069948
0.072816
0.07445
0.073127
0.075295
0.076141
0.074087
0.074914
0.076898
0.076166
0.076033
0.076084
0.075632
0.074679
0.074259
0.073388
0.075226
0.072148
0.06806
0.062643
0.057766
0.053525
0.049806
0.048197
0.049952
0.050238
0.049335
0.049081
0.04931
0.049564
0.048038
0.048242
0.048401
0.053856
0.066133
0.082378
0.100461
0.122193
0.138851
0.14552
0.162605
0.174844
0.184731
0.195342
0.206901
0.205852
0.207906
0.207791
0.209654