0.00301
0.006145
0.009984
0.012893
0.016402
0.016499
0.015879
0.015309
0.015975
0.014895
0.013901
0.014165
0.014281
0.015003
0.025343
0.03566
0.045508
0.053015
0.063997
0.063463
0.061676
0.059508
0.059506
0.056633
0.055603
0.057319
0.059926
0.061422
0.061047
0.061066
0.061403
0.059031
0.102311
0.43213
0.685283
0.94817
1.33619
1.68364
1.788186
1.773524
1.594118
1.311076
1.123328
0.865547
0.727977
0.730686
0.703587
0.578079
0.479516
0.459565
0.489015
0.529097
0.595691
0.692067
0.817073
0.912851
0.997489
1.2147
1.522088
1.808067
2.087664
2.361042
2.376129
2.16761
1.87442
1.775063
1.774052
1.838631
1.991669
2.190645
2.16843
2.048886
1.962403
1.889845
1.834879
1.820059
1.824382
1.720587
1.526061
1.582082
1.791498
2.061875
2.346895
2.571017
2.514913
2.199496
1.78109
1.451087
1.276386
1.157439
1.11498
1.132471
1.268038
1.453465
1.634231
1.760166
1.762703
1.737143
1.909752
1.965665
2.087695
2.30497
2.454931
2.347861
2.323198
2.312561
2.926363
4.156829
5.526701
6.977715
8.43756
9.283228
9.493032
9.519545
9.349441
8.307315
7.108513
5.937057
4.823511
3.864306
3.740553
3.777595
3.776075
3.750465
3.691367
3.694368
3.742594
3.770792
3.668611
3.514657
3.344623
3.382186
3.540204
3.7128
3.829757
3.743109
3.268282
2.627362
2.065658
1.652613
1.685821
1.804825
1.987441
2.35401
2.78646
3.0638
3.35959
3.598227
3.699085
3.692231
3.581092
3.755316
4.171764
4.655041
5.316058
5.822491
5.922097
5.755878
5.229404
5.101136
5.498026
5.826439
6.313894
7.714666
8.607238
9.03307
9.604998
9.978293
9.055806
7.417032
5.620711
3.848271
2.278654
1.609193
1.832737
2.314577
2.859025
3.479815
3.966023
4.327371
4.723702
5.101721
5.326205
5.405071
5.350639
5.285323
5.291369
5.331953
5.452979
5.637128
5.824564
5.978378
6.107854
6.158592
6.159927
6.118078
6.034558
5.942201
5.914009
5.901706
5.889804
5.739976
5.507525
5.208079
4.863827
4.476284
4.209747
4.00812
3.839968
3.704827
3.590629
3.462578
3.338093
3.217105
3.074685
2.90982
2.740879
2.561448
2.378959
2.205078
2.061653
1.969378
1.91096
1.865881
1.831573
1.803483
1.757018
1.700254
1.651818
1.622056
1.591613
1.559918
1.537252
1.515768
1.494939
1.480283
1.473963
1.466079
1.467504
1.46744
1.304807
1.240037
1.193541
1.134817
1.074835
1.173036
1.174606
1.156098
1.141055
1.123201
1.111178
1.098475
1.087469
1.069552
1.026234
0.972165
0.916653
0.859761
0.812978
0.788735
0.782269
0.784856
0.808623
0.846059
0.890229
0.913518
0.92879
1.662455
2.193933
2.421329
2.550277
2.613756
1.955568
1.397139
2.123669
3.491545
4.662473
6.269972
7.847327
8.248242
7.851142
7.692604
7.266333
6.859041
6.6492
6.675579
6.707319
6.631244
6.565953
6.572051
6.605227
6.639357
6.575624
6.536967
6.502284
6.52261
6.547458
6.537965
6.503314
6.521186
6.528174
6.51095
6.492161
6.492708
6.514828
6.522051
6.463092
6.278244
5.866413
5.266967
4.635413
4.287214
4.227594
4.25742
4.248652
4.204832
4.00398
3.81107
3.737895
3.837914
4.013791
4.218343
4.381078
4.597863
4.788459
5.194574
5.48908
5.325506
5.291083
5.313896
5.183149
5.249832
5.766635
6.254961
6.694908
7.039134
7.262734
7.486469
7.559847
7.611723
7.688427
7.826524
7.8744
7.826524
7.764412
7.686621
7.54565
7.508862
7.580524
7.66953
7.774954
7.894492
8.032684
8.172956
8.315689
8.458764
8.614219
8.748413
8.892461
9.051311
9.202131
9.324715
9.440285
9.535358
9.60948
9.673582
9.755124
9.781199
9.768006
9.770753
9.786215
9.816238
9.920892
10.084345
10.217655
10.374649
10.546933
10.709128
10.921341
11.186111
11.600784
12.057593
12.5673
13.099598
11.782345
9.254979
6.62872
3.93036
1.123157
0.979674
4.293177
7.804163
11.401541
15.132458
18.019983
18.50354
18.770363
18.89713
17.287495
15.914857
15.773784
15.657661
15.544353
16.949214
17.976685
17.616748
15.810725
15.168846
15.135059
15.177715
15.322062
16.276454
16.127872
16.293544
16.514398
16.692424
17.482256
18.226818
18.12114
18.041111
18.035008
18.109499
18.146935
18.13132
18.013104
17.835625
17.364918
16.019785
14.447859
12.961908
11.666857
10.541796
10.277892
10.596336
10.773205
10.807761
10.910768
11.03009
11.039671
11.015835
10.967056
10.827655
10.619333
10.418507
10.162524
9.879609
9.639834
9.432389
9.259945
9.104649
8.947795
8.764206
8.580731
8.383625
8.140002
7.898287
7.674172
7.467979
7.294588
7.167249
0
0.051776
0
0.292926
1.716779
3.362363
5.125216
6.853627
8.205688
8.320184
8.10413
7.435833
6.13602
4.866994
3.712552
2.66841
1.960617
1.911221
1.92002
1.710814
1.732457
1.828439
1.926512
2.019988
2.321323
2.378622
2.363852
2.338909
2.30916
2.278495
2.24591
2.210622
2.167566
2.118914
2.065105
2.009135
1.95527
1.907501
1.867808
1.831974
1.795707
1.756624
1.716994
1.670625
1.632394
1.600648
1.575419
1.561705
1.568406
1.569582
1.568489
1.570231
1.575661
1.578255
1.579679
1.577791
1.57004
1.543584
1.509925
1.475877
1.442752
1.408043
1.362093
1.279603
1.20475
1.146669
1.102824
1.088893
1.119189
1.154826
1.185548
1.214599
1.289052
1.420193
1.526691
1.611749
1.681955
1.69305
1.619868
1.555563
1.496026
1.436813
1.400343
1.438911
1.445638
1.42856
1.405169
1.356002
1.2338
1.149136
1.094107
1.055526
1.017956
0.997203
0.970786
0.943675
0.915527
0.894075
0.873297
0.880348
0.996574
1.337271
1.890881
2.676593
3.612247
4.558576
5.313025
5.84566
6.386217
7.501855
9.147623
10.283251
10.747353
10.683435
9.647272
7.776766
6.021149
4.849871
4.001755
3.358814
2.952641
2.861695
2.84533
2.766076
2.690447
2.541681
2.454156
2.37791
2.343627
2.349286
2.398624
2.454378
2.538095
2.607678
2.671449
2.722218
2.760259
2.792755
2.775378
2.675131
2.759598
3.375339
4.315138
5.490205
6.876977
8.168823
9.274778
12.074956
15.681847
19.722497
24.260381
28.935014
31.123514
31.813575
35.367846
36.915388
34.388512
32.139572
29.966783
23.76552
18.413796
16.216669
13.988565
11.995074
10.448332
9.251317
8.314366
7.347538
6.330323
5.423319
4.754259
4.162557
3.979794
4.148716
4.304419
4.435166
4.686634
4.935864
5.068888
5.199419
5.324832
5.425455
5.493156
5.543976
5.592278
5.618829
5.645196
5.674342
5.489595
5.310768
5.379613
5.592227
5.918555
6.497623
7.073506
7.417172
7.611487
7.681159
7.69144
7.658486
7.553082
7.411965
7.235719
7.040202
6.827086
6.640114
6.462418
6.30924
6.170278
6.076712
6.042309
6.053969
6.107237
6.178575
6.247827
6.300917
6.330736
6.333928
6.329675
6.299893
6.228937
6.130724
5.99758
5.823082
5.636664
5.440371
5.25249
5.082748
4.797481
4.714673
5.063382
5.618435
6.297611
7.184708
7.897849
8.215066
8.321354
8.304797
8.209687
8.070032
7.92501
7.766351
7.589082
7.416384
7.262239
7.131364
7.032922
6.968267
6.905773
6.824562
6.724651
6.614414
6.503485
6.401076
6.330158
6.280641
6.248399
6.221454
6.212737
5.462656
5.373916
5.399024
5.42644
5.439182
6.185321
6.250396
6.198183
6.132975
6.074849
6.019127
5.973699
5.915936
5.856494
5.794605
5.747911
5.705789
5.673846
5.655846
5.648763
5.624501
5.600028
5.584623
5.563387
5.527171
5.496144
5.470673
5.443849
5.369777
4.823466
4.773911
4.7427
4.709771
4.725781
5.228068
5.237428
5.236258
5.236321
5.234547
5.496455
6.243135
6.678822
6.840177
6.79335
6.31177
5.245515
4.408945
3.78965
3.329497
3.001783
2.776027
2.613432
2.501256
2.438737
2.406057
2.397384
2.4093
2.433962
2.108772
1.814966
1.459454
1.183876
0.872197
1.205767
1.595199
2.052084
2.414062
2.821347
2.928633
2.96235
2.994846
3.019922
3.043956
3.062782
3.076656
3.08391
3.097491
3.114225
3.127266
3.150142
3.174557
3.190904
3.19964
3.209202
3.208884
3.20486
3.200358
3.202838
3.208382
3.086135
3.078722
3.443752
3.993318
4.62978
5.440504
6.156169
6.492969
6.629928
6.654636
6.625172
6.557656
6.471402
6.374283
6.27401
6.167684
6.067601
5.984425
5.908497
5.840173
5.773903
5.706825
5.642087
5.57487
5.530141
5.500862
5.493906
5.480637
5.454836
5.43112
5.520088
5.68213
5.761962
5.804498
5.792411
5.621493
5.34514
5.142254
4.987803
4.876728
4.684682
4.431129
4.272774
4.276545
4.575597
4.986157
5.454123
5.80638
5.976693
5.818918
5.642284
5.478615
5.33175
5.201676
5.087676
4.98409
4.882603
4.777364
4.694308
4.627192
4.58603
4.559632
4.545332
4.499173
4.439636
4.356574
4.265622
4.178815
4.110097
4.050242
3.988995
3.933043
3.90159
3.894946
3.900229
3.930786
3.970486
3.997247
4.008787
4.025522
4.041665
4.055907
4.061775
4.058272
4.047088
3.755742
3.593065
3.568319
3.554484
3.536764
3.792371
3.9121
3.914325
3.918941
3.931994
3.950318
3.962869
3.974721
3.98284
3.996694
4.021948
4.049606
4.069252
4.091906
4.103243
4.102194
4.103948
4.107019
4.090787
4.072164
4.054845
4.032566
4.009359
4.012043
4.02137
4.036725
4.055494
4.078084
4.098557
4.117644
4.133291
4.145289
4.155875
4.153096
4.143648
4.144697
4.141792
4.13181
4.127264
4.126443
4.115965
4.107617
4.102175
4.100019
4.098328
4.098779
4.110942
4.122228
4.128249
4.14642
4.272743
4.631128
4.888032
5.018665
5.027579
4.835483
4.349593
3.964217
3.706919
3.561052
3.51055
3.068009
2.822415
2.54856
2.247665
1.925704
2.033347
1.916727
1.824891
1.740596
1.663968
1.592217
1.528236
1.464019
1.308609
1.24939
1.205882
1.16519
1.127925
1.091106
1.058037
1.027245
1.002379
0.986395
1.073672
1.072591
1.063308
1.04747
0.994768
1.001298
1.07488
1.169761
1.249924
1.397285
1.554953
1.703007
1.872882
2.021648
2.15167
2.310775
2.506413
2.739551
3.056125
3.379592
3.637349
3.828822
3.961617
4.071726
4.177734
4.274784
4.354024
4.421604
4.472284
4.502314
4.516359
4.522698
4.529418
4.52683
4.520822
4.505556
4.480512
4.449084
4.420625
4.402676
4.414712
4.437716
4.450298
4.459212
4.456097
4.422119
4.382
4.346236
4.282935
4.228618
4.19628
4.176202
4.167942
4.192936
4.20742
4.226023
4.234194
4.243305
4.274815
4.295015
4.294316
4.279431
4.23626
4.17287
4.129641
4.095829
4.075986
4.074161
4.058412
4.051946
4.043985
4.038098
4.027887
4.029292
4.015495
3.995117
3.981168
3.986216
4.001514
4.015705
4.033749
4.049898
4.061998
4.063428
4.071471
4.083355
4.089662
4.091906
4.143184
4.198989
4.234041
4.260834
4.268222
4.222616
4.169055
4.126869
4.090743
4.060313
4.031994
4.006174
3.985663
3.970518
3.980163
3.997673
4.016232
4.03469
4.059213
4.072972
4.098563
4.119399
4.139776
4.155868
4.16807
4.171878
4.17994
4.185987
4.192256
4.201144
4.211642
4.222323
4.242459
4.260828
4.291219
4.326462
4.36262
4.38804
4.410802
4.431122
4.496858
4.552956
4.596744
4.626951
4.639381
4.585725
4.530664
4.492013
4.467122
4.442567
4.429545
4.412855
4.408405
4.411419
4.428414
4.446172
4.478668
4.49951
4.517484
4.550711
4.642757
4.720987
4.786608
4.832399
4.852217
4.794264
4.738993
4.697945
4.670561
4.644289
4.617725
4.603445
4.58432
4.566314
4.548537
4.542535
4.536278
4.533989
4.547093
4.576849
4.677879
4.767833
4.837943
4.870599
4.883175
4.815805
4.749643
4.689807
4.644544
4.625838
4.700304
4.77278
4.843793
4.899331
4.914298
4.830892
4.745726
4.663211
4.596909
4.588338
4.785674
4.984027
5.144644
5.175576
4.954436
4.769753
4.555486
4.361495
4.26449
4.37032
4.228433
4.101927
3.988155
3.89761
3.802163
3.706302
3.623367
3.545137
3.462044
3.393319
3.337305
3.28253
3.23782
3.196372
3.157219
3.121162
3.091044
3.069477
3.064461
2.660997
2.574228
2.502026
2.419358
2.323783
2.632303
2.631451
2.616554
2.614786
2.631578
2.644148
2.652165
2.659502
2.667145
2.674005
2.690988
2.7079
2.739163
2.765752
2.784693
2.800029
2.804428
2.799539
2.801834
2.814938
2.823655
2.838361
3.048871
3.741418
4.488084
5.166484
5.763959
6.082155
5.823235
5.438756
5.05867
4.707094
4.38858
4.117129
3.876088
3.658108
3.467594
3.28967
3.125454
2.760507
2.424622
2.291395
2.171444
2.057647
1.972188
1.765233
1.390425
1.034716
0.694604
0.555171
0.549538
0.541171
0.536192
0.537209
0.550752
0.567493
0.59571
0.633007
0.674512
0.719146
0.770532
0.817645
0.869877
0.922852
0.977385
1.029451
1.082319
1.131181
1.186267
1.2364
1.281466
1.327868
1.372285
1.412195
1.453039
1.508678
1.561037
1.612175
1.65494
1.700037
1.726799
1.748168
1.765646
1.785007
1.800024
1.817484
1.834943
1.849516
1.867484
1.878553
1.887334
1.896483
1.763326
1.466785
1.333698
1.231428
1.166805
1.274377
1.570854
1.721343
1.855931
1.967337
2.061583
2.132266
2.196393
2.244625
2.283842
2.320286
2.354398
2.37742
2.40132
2.422359
2.428812
2.43306
2.438375
2.440232
2.44116
2.443665
2.442292
2.443233
2.444466
2.445636
2.453393
2.471742
2.53278
2.592832
2.643251
2.680904
2.700798
2.662243
2.625207
2.600887
2.584108
2.578462
2.582093
2.581463
2.568512
2.558047
2.536544
2.509198
2.485673
2.482697
2.475589
2.477382
2.484128
2.491503
2.497969
2.508657
2.517902
2.528596
2.536804
2.534287
2.521475
2.510654
2.509159
2.577636
2.695661
2.806762
2.899742
2.931043
2.888069
2.782099
2.659165
2.548312
2.496659
2.504518
2.537777
2.590498
2.636175
2.673446
2.658104
2.629047
2.594148
2.550741
2.511207
2.479607
2.451511
2.458066
2.479734
2.48655
2.481203
2.470992
2.458225
2.485304
2.517113
2.540244
2.555917
2.564773
2.538368
2.364094
2.341141
2.347537
2.366224
2.371304
2.531292
2.563553
2.569313
2.560971
2.574584
2.601955
2.640994
2.688063
2.744039
2.602343
2.376772
2.177402
2.014692
1.883849
1.961144
2.141968
2.337339
2.509617
2.647365
2.753901
2.82499
2.84978
2.877998
2.899227
2.909756
2.915008
2.913857
2.88728
2.874106
2.88173
2.89903
2.930763
2.970864
3.002845
3.037382
3.060373
3.066406
3.062979
3.055966
3.044515
3.039709
2.632926
2.63428
2.651281
2.655166
2.645082
3.035417
3.015567
2.969268
2.928226
2.897847
2.86427
2.858027
2.896531
2.938692
2.974856
3.01916
3.032912
3.004491
2.974443
2.940103
2.895209
2.886562
2.905255
2.932098
2.955833
3.017665
3.190243
3.355432
3.534291
3.728205
3.92076
3.969361
3.988778
4.034156
4.096834
4.071154
3.947629
3.738582
3.459876
3.152768
2.900931
2.739779
2.571786
2.222251
1.811043
1.596216
1.556472
1.65061
1.938185
2.290276
2.440734
2.418798
2.448643
2.532551
2.654842
2.924151
3.275422
3.548781
3.75882
3.92769
3.939929
3.86004
3.780545
3.723857
3.813079
4.053128
4.293991
4.501067
4.679577
4.698403
4.696527
4.820071
4.999254
5.187459
5.374768
5.402985
5.117425
4.673269
4.208437
3.802258
3.498507
3.416049
3.499798
3.627455
3.747674
3.835288
3.902754
3.965203
4.018833
4.083437
4.1581
4.241359
4.328388
4.420886
4.498537
4.603884
4.748263
4.932615
5.684076
6.832643
8.536555
10.463973
12.953127
16.281623
21.330441
20.38006
17.427981
13.858836
8.872245
1.754042
0.006582
0.00472
0.0039
0.004646
0.004331
0.004989
0.005613
0.004799
0.004682
0.004488
0.005807
6.400517
12.878424
18.635461
23.85812
29.827196
23.571688
23.313905
25.388531
27.634705
29.437041
37.198594
38.71312
37.05571
29.713325
21.941677
17.818178
17.926412
12.174581
16.088336
23.95388
25.11212
19.893007
20.877077
18.029718
10.950442
6.580481
4.598975
3.585276
3.006354
2.689818
2.507703
2.405396
2.349476
2.325818
2.322035
2.346717
2.40366
2.47906
2.562135
2.654715
2.764067
2.909654
3.844024
8.049527
14.591501
21.779773
28.822063
34.760427
37.133616
37.133889
36.238056
35.354443
34.954069
34.7004
34.450846
34.372566
34.328542
34.215636
28.936128
27.334507
27.751749
27.658857
27.379102
32.315051
33.776426
33.187561
33.070737
33.0163
32.898459
32.182852
31.527163
31.123387
30.890898
30.672854
30.633955
30.723737
30.832918
30.907231
31.006869
31.307472
31.488963
31.527233
31.256894
30.684012
29.932342
29.278986
28.80229
28.269795
28.089868
28.165052
28.189588
27.856075
27.847371
27.938418
27.900734
27.83613
27.894382
27.923661
27.937833
28.076821
28.213405
28.32078
28.309088
28.373876
28.569355
28.864344
29.118578
29.490831
29.703006
29.682361
29.532298
29.251106
28.894781
28.591863
28.444813
28.346969
28.407867
28.519451
28.628225
24.488928
24.361424
24.440779
24.928844
26.147292
31.248183
31.514535
29.614076
25.575002
20.051528
14.669438
10.28341
8.204816
7.962396
9.104649
11.269338
13.16274
14.667836
15.964272
16.26134
15.131473
14.763029
14.432994
13.711887
12.796591
11.836217
9.033725
6.114091
4.13935
2.743276
1.819378
2.027078
2.331629
2.076194
1.783602
1.566537
1.446484
1.693679
2.756565
4.822678
7.743621
10.713954
13.059351
14.018282
13.590969
12.128339
10.369333
8.93211
7.996532
7.50733
7.147526
6.75819
6.351476
5.928633
5.452744
5.075233
4.811042
4.627707
4.514616
4.429119
4.361419
4.152085
3.857764
4.991809
7.667801
11.311098
16.143055
21.503692
25.7378
28.424544
30.476593
31.505507
32.296165
31.616735
30.095401
28.456773
26.606637
24.063192
22.267399
21.157788
19.646417
18.126564
17.03845
16.32377
15.587239
14.950694
14.459437
14.05067
13.580135
13.107577
12.617904
12.04892
11.397504
10.821869
10.334002
9.9243
9.594043
9.337418
9.142785
8.980597
8.92834
8.906265
9.333476
10.498714
11.600167
12.504743
13.313636
13.636105
13.223593
12.868864
12.59642
12.384671
12.206416
11.911579
11.565344
11.204377
10.839761
10.539959
10.421781
10.377275
10.343081
10.284873
10.006834
9.559086
9.06465
8.571213
8.188584
8.011887
7.92185
7.834764
7.740289
7.556725
7.317274
7.024752
6.700001
6.405062
6.120017
5.835296
5.561053
6.020011
6.636191
7.292306
7.994676
8.688659
8.518886
7.590175
6.464962
5.311766
4.238797
3.157479
3.008103
3.079491
3.155165
3.196372
3.452049
3.397433
3.332263
3.316285
3.32408
3.329802
3.33616
3.324366
3.285753
3.237985
3.20224
3.168352
3.135213
3.102533
3.076636
3.058853
3.047548
3.040777
3.023203
2.991839
2.945304
2.892195
2.83936
2.784496
2.733631
2.587078
2.249197
1.881331
1.518158
1.176952
0.937113
0.896771
0.899448
0.904992
0.913067
0.923164
0.940254
0.955812
0.979585
1.013289
1.052671
1.090343
1.132103
1.164166
1.197266
1.218229
1.234741
1.244768
1.238321
1.175655
1.195531
1.219571
1.255456
1.317555
1.430519
1.524917
1.872767
2.295662
2.737885
3.157104
3.518376
3.607885
3.585619
3.534907
3.470093
3.396937
3.334272
3.279256
3.228302
3.187254
3.148152
3.095412
3.030019
2.959266
2.88365
2.812039
2.751345
2.696983
2.645534
2.598986
2.56113
2.531743
2.509668
2.500748
2.498866
2.496144
2.167024
2.130122
2.078392
2.019555
1.948599
2.194301
2.144988
2.110521
2.085953
2.071896
2.056751
2.038567
2.013611
1.986017
1.963675
1.996603
2.072881
2.176899
2.287829
2.428113
2.564697
2.72527
2.930687
3.155178
3.395055
3.625987
3.801991
3.901088
3.928415
3.907649
3.855119
3.776209
3.57846
3.243962
2.872244
2.489151
2.098981
1.813669
1.666683
1.555817
1.467001
1.40955
1.371484
1.350362
1.346408
1.355894
1.371598
1.396293
1.432102
1.471764
1.519843
1.572984
1.637811
1.704246
1.770498
1.829094
1.885947
1.932876
1.975711
2.020637
2.069619
2.119486
2.170993
2.216402
2.256979
2.289348
2.315658
2.331763
2.346717
2.355656
2.363992
2.365728
2.368175
2.376129
2.388617
2.39781
2.409528
2.425157
2.434566
2.450455
2.529448
2.676714
2.870997
3.099259
3.347694
3.549893
3.696542
3.802143
3.882351
3.940317
3.990527
4.037246
4.071198
4.102003
4.117892
4.109874
4.081028
4.051259
4.018375
3.991595
3.978243
3.96217
3.933775
3.892326
3.835631
3.76629
3.701616
3.631067
3.537724
3.472344
3.453537
3.489155
3.595099
3.766812
3.96999
4.163091
4.334651
4.468145
4.567592
4.634517
4.656929
4.419118
3.997266
3.523603
3.029797
2.56972
2.394644
2.402185
2.435755
2.44727
2.427636
2.363788
2.305777
2.314742
2.39575
2.500468
2.614144
2.682271
2.670254
2.611048
2.534128
2.462046
2.458447
2.517037
2.589506
2.669917
2.704651
2.663578
2.594574
2.526301
2.47433
2.497143
2.585475
2.685704
2.777235
2.810615
2.755083
2.653736
2.55352
2.477483
2.491344
2.588139
2.709871
2.820044
2.863584
2.808644
2.704562
2.594408
2.508307
2.52068
2.618963
2.744033
2.845724
2.878163
2.83716
2.75748
2.670763
2.661753
2.568906
2.07452
2.037026
2.106412
2.08255
2.576286
4.325871
6.33424
8.864581
12.079426
15.215164
17.886833
20.258648
22.531786
25.173331
27.219899
28.268472
28.567702
28.18527
26.71482
25.009152
23.394812
21.447201
18.938235
16.217006
13.809979
11.744629
10.33273
9.49431
8.811873
8.217641
7.626276
7.052537
6.530119
6.062693
5.660805
5.312065
4.992597
4.712066
4.468438
4.285637
5.240638
7.60656
10.752643
15.245053
24.097354
32.168234
38.880255
42.785262
43.471025
38.879835
33.357677
27.211423
22.734946
19.7087
17.366787
15.501004
14.13955
13.171349
12.58867
12.290508
12.170518
10.392642
9.583984
8.678518
7.721438
6.691182
7.376372
7.050025
6.768623
6.496701
6.260581
6.043797
5.850282
5.667786
5.505331
5.323306
4.966898
4.570364
4.1993
3.846434
3.570017
3.500427
3.492944
3.490871
3.495843
3.483642
3.479363
3.480126
3.481862
3.47668
3.476763
3.468313
3.460639
3.46212
3.464899
3.437063
3.45065
3.497827
3.583623
3.703123
3.875497
4.057102
4.220276
4.361597
4.495409
4.652644
4.997175
5.411664
5.828175
6.231353
6.595995
6.744195
6.805735
6.847298
6.87589
6.898436
6.909505
6.906625
6.894647
6.862754
6.829883
6.793324
6.768121
6.746942
6.739942
6.733501
6.732236
6.729661
6.725293
6.713352
6.701571
6.689732
6.672635
6.657281
6.641958
6.61692
6.584875
6.557694
6.534239
6.523106
6.526082
6.530602
6.533572
6.523272
6.497591
6.47551
6.567079
6.802766
7.124872
7.501766
7.909592
8.213196
8.384044
8.479676
8.530483
7.607921
7.397837
7.394308
7.393393
7.395199
8.336861
8.550181
8.540796
8.536746
8.528264
8.531183
8.604243
8.701121
8.797217
8.889676
8.972719
8.990763
8.987972
8.986306
8.985117
8.971829
8.886809
8.771753
8.640535
8.515116
8.406603
8.364754
8.352559
8.357601
8.364252
8.229715
7.011324
5.783071
4.734555
3.920289
3.397446
4.066461
4.951797
5.703754
6.268186
6.58731
6.719049
6.753707
6.718407
6.656365
6.589294
6.568401
6.528638
6.466818
6.409112
6.345048
6.251756
6.167645
6.112661
6.063926
6.024118
5.976178
5.956526
5.946009
5.927043
5.898317
5.887541
5.865408
5.839671
5.818892
5.804402
5.783605
5.780216
5.800435
5.82787
5.850238
5.869452
5.880063
5.870431
5.85884
5.655763
4.670726
4.481593
3.997196
3.994908
4.237773
5.329041
5.641388
6.241081
6.36741
6.440076
6.448723
6.429115
6.398749
6.369851
6.345602
6.329376
6.312114
6.293618
6.282485
6.271892
6.250281
6.234399
6.22249
6.203333
6.186008
6.181938
6.176019
6.162807
6.146988
6.13417
6.119273
6.105311
6.104542
6.110022
6.103486
6.101121
6.098451
6.081481
6.077946
6.097713
6.116399
6.125981
6.139371
6.140942
6.126553
6.111396
6.112438
6.112591
6.109355
6.105985
6.098266
6.083643
6.053537
6.022637
5.997669
5.968256
5.947097
5.94393
5.934876
5.924532
5.921633
5.91083
5.903289
5.898941
5.889569
5.878855
5.866368
5.854256
5.851687
5.850772
5.036771
5.038431
5.045552
5.048858
5.058675
5.884406
5.886263
5.892366
5.901719
5.905833
5.9087
5.917137
5.932479
5.948139
5.975244
5.995342
6.016559
6.020323
6.027787
6.015974
5.891324
5.61895
5.605147
5.5888
5.581526
5.683046
5.949443
5.948381
5.947796
5.965319
6.012369
6.049137
6.086612
6.113843
6.117506
6.095608
6.070971
6.053474
6.092353
6.694622
7.823065
9.204178
10.610075
11.740121
12.182707
11.865235
11.115574
10.259078
9.548411
8.887235
8.372142
7.926714
7.452834
6.983755
6.570607
6.26886
6.131519
6.097777
6.15044
6.236999
6.261351
6.240725
6.228403
6.218389
6.192054
6.185022
6.170971
6.139129
6.081284
6.027024
5.978099
5.946327
5.918072
5.916222
5.47178
4.338021
3.178035
2.023021
0.841952
0.107614
0.069465
0.056825
0.046417
0.045565
0.040634
0.829105
2.240552
3.660704
5.083183
6.514173
7.138854
7.143902
7.139216
7.12877
7.137175
7.307928
7.344029
7.165322
6.873226
6.650897
6.405183
6.437679
6.855296
7.481007
8.132055
8.809329
9.481619
10.147271
10.905395
11.73314
12.630709
13.569491
14.945633
16.731056
17.965088
18.804983
19.538832
19.814193
19.794706
20.253059
20.965437
21.591097
22.064697
22.241331
22.296404
22.54456
23.112558
23.336184
23.474949
23.537424
23.245041
22.609539
22.309667
22.177883
21.756782
21.359237
20.955347
20.370887
19.627387
19.192755
18.697989
18.179304
17.774695
17.313773
16.759139
16.276282
15.782419
15.279311
14.82949
14.471104
14.134056
13.82843
13.57103
13.351848
13.131649
12.907374
12.783595
12.746712
12.892827
13.225221
13.71326
14.280782
14.92631
15.311152
15.599726
15.847277
16.063922
16.241929
16.560965
16.879275
17.133922
17.26158
17.217099
17.044928
16.81469
16.64217
16.536651
16.501606
16.518366
16.402343
16.142451
15.750883
15.273836
14.804617
14.433547
14.128792
13.872562
13.669256
13.497938
13.343971
13.215188
13.10389
12.990436
12.877326
12.787321
12.082586
11.699557
11.642277
11.584755
11.5179
12.076431
12.323455
12.329775
12.518349
12.743527
12.98905
13.202306
13.363464
13.411023
13.437199
13.492088
13.593932
13.687427
13.708943
13.740384
13.784617
13.912605
13.970635
14.011861
14.045832
14.030789
13.926955
13.893232
13.911683
13.927864
13.944891
13.954994
13.961168
13.954721
13.939741
13.941184
13.952858
13.962516
13.967723
13.975245
13.955439
13.932073
13.912719
13.904505
13.850372
11.946994
11.931862
11.914816
11.911083
11.950236
13.840809
13.846455
13.850391
13.890104
14.017462
14.235099
14.546524
14.741545
14.809436
14.775815
14.653447
14.433833
14.322313
14.278442
14.258211
14.237928
14.209946
14.18639
14.172625
14.169274
14.182327
14.213634
14.257079
14.316654
14.387871
14.460944
14.541609
14.594572
14.64515
14.663957
14.674092
14.687063
14.728282
14.762736
14.810765
14.868967
14.904159
14.934341
14.978046
15.017504
15.056365
15.105258
15.127791
15.14967
15.182159
15.296064
15.592083
15.85286
16.210857
18.187372
20.379267
21.716675
22.598362
23.092715
21.790842
20.041196
18.740067
18.008564
17.595042
17.256131
17.028124
17.003576
16.953633
16.917608
16.992233
17.089327
17.188996
17.265325
17.287629
17.309774
17.315026
17.332256
17.527754
17.700509
17.687437
17.584379
17.630304
17.357752
16.971703
16.712611
16.533307
16.210253
16.004582
15.942725
15.945408
15.92793
15.940264
16.043659
16.1218
16.11864
16.131674
16.075335
15.898784
15.723702
15.588167
15.529666
15.532031
15.565112
15.639483
15.712175
15.748988
15.765201
15.767058
15.751607
15.760102
15.78535
15.850558
15.947913
16.033397
16.098211
16.105046
16.080154
16.049935
16.042197
16.032463
16.05504
16.06431
16.070191
16.07833
16.09804
16.10965
16.11438
16.103749
16.076193
16.1163
16.237917
16.437586
16.548897
16.562306
16.445102
15.173169
12.321618
11.616756
10.771532
10.55153
11.267774
13.461582
13.498122
13.725849
13.319428
12.969436
12.691689
12.44719
12.254413
12.076075
11.897058
11.695596
11.500333
11.277298
11.052934
10.824991
10.615041
10.414024
10.247182
10.103432
9.984225
9.899224
9.815819
9.732623
9.656835
9.584162
9.485421
9.434868
9.407643
9.373271
9.331512
9.305838
9.242409
9.153822
9.080908
9.02647
8.983388
8.951318
8.930578
8.892607
8.84873
8.809736
8.764327
8.726064
8.707479
8.692996
8.681818
8.713189
8.773336
8.830807
8.89117
8.94323
8.953829
8.936313
8.909488
8.884583
8.859425
8.844375
8.823317
8.808757
8.788074
8.786879
8.774748
8.766431
8.743339
8.711428
8.687
8.673756
8.663869
8.658357
8.664969
8.660589
8.648661
8.633287
8.633395
8.634063
8.628271
8.635042
8.629777
8.613711
8.608134
8.595399
8.584317
8.602584
8.623985
8.637096
8.665853
8.6822
8.676217
8.676522
8.683198
8.689632
8.691425
8.698508
8.706004
8.706233
8.698298
8.700657
8.701268
8.583421
7.454526
7.453915
7.456891
7.45595
7.556961
8.686294
8.683834
8.657861
8.647364
8.641807
8.629517
8.628379
8.660194
8.675511
8.701973
8.72216
8.730438
8.722198
8.71907
8.723133
8.739562
8.755731
8.768142
8.776286
8.790611
8.791183
8.787807
8.799474
8.823826
8.842836
8.859781
8.884609
8.897738
8.903155
8.907867
8.919235
8.939594
8.948667
8.959056
8.969489
8.98059
8.988913
9.014606
9.038601
9.064504
9.092416
9.115604
9.131041
9.150116
9.162323
9.16781
9.181366
9.205692
9.225096
9.236516
9.244012
9.230774
9.216449
9.215617
9.236713
9.254401
9.26273
9.274168
9.267556
9.252557
9.259697
9.283114
9.332529
9.594068
10.522474
12.03642
13.786791
15.459079
16.811428
17.303906
17.106449
16.704441
16.726357
16.936396
17.111421
17.051662
16.652127
15.734021
14.662959
13.758243
13.123886
12.755302
12.483176
11.523184
11.204536
10.967463
10.720115
10.429595
9.960376
9.265693
8.84428
8.460735
8.132106
8.711129
8.94213
8.867658
8.801414
8.758204
8.724385
8.691247
8.646862
8.591603
8.518568
8.431431
8.344529
8.262338
8.190791
8.141484
8.126364
8.12864
8.109604
8.091363
8.159776
8.647326
9.597597
10.841204
12.240845
13.690371
15.083495
16.268767
17.291482
18.440621
19.646347
20.191011
19.377496
16.686867
13.492292
10.033945
6.807872
4.695097
4.364401
4.265157
4.257191
4.271535
4.295339
4.343362
4.457031
4.629513
4.7773
4.870166
5.211652
6.156601
7.677109
9.924046
13.122735
16.505179
20.027157
22.845729
25.055299
26.421395
27.794211
27.717386
27.555173
27.299457
26.923695
25.808324
25.4113
25.141814
24.985252
24.915428
24.916871
25.002057
25.146862
25.154956
25.133961
25.182518
25.114493
25.007474
24.950156
24.880598
24.725582
24.62515
24.527153
24.422728
24.329347
24.291021
24.26061
24.241828
24.266161
24.338668
24.361335
24.474216
24.49521
24.636633
24.923477
25.462973
25.91973
26.411139
26.512112
26.456084
26.18937
26.05365
26.454005
27.221946
27.676377
27.8215
27.791916
27.094467
25.926788
24.843652
23.825985
22.618663
21.461373
20.303886
19.124819
17.984703
16.866972
15.676252
14.608668
13.649082
12.750381
11.963716
11.315567
10.696374
10.16592
9.742421
9.44911
9.242155
9.153053
9.075599
8.993396
8.860258
8.711447
8.557899
8.421182
8.342214
8.235977
8.10221
8.004149
7.87632
7.702764
7.586996
7.513688
7.401836
7.186399
6.303575
6.12661
5.929447
5.716248
5.652076
6.31247
6.252805
6.186745
5.791069
5.234376
4.70841
4.278408
3.958635
4.077505
4.410052
4.511882
4.90916
5.280713
5.606234
5.950365
6.53518
6.769888
6.961559
7.133386
7.242268
7.335159
7.421629
7.519626
7.636754
7.768551
7.868284
7.961709
8.034191
8.097473
8.162402
8.231508
8.312548
8.380191
8.393435
8.389773
8.391776
8.363024
8.341261
8.225677
8.02419
7.878641
7.768595
7.678495
7.729061
7.885889
8.014201
8.12426
8.215619
8.288851
8.34636
8.373242
8.375995
8.390873
8.377705
8.337109
8.312688
8.314671
8.298573
8.313896
8.349494
8.378646
8.368867
8.370349
8.349793
8.35102
8.372275
8.439455
8.48365
8.490129
8.467271
8.405051
8.310113
8.237154
8.217971
8.207519
8.20942
8.237929
8.224781
8.056565
7.872213
7.745261
7.643335
7.618678
7.778005
7.981699
8.136474
8.256895
8.339703
8.647377
9.057142
9.372864
9.559442
9.638524
9.373151
8.95491
8.53255
8.240542
7.976504
7.664685
7.34874
7.122253
6.952092
6.859639
7.001716
8.18421
9.70557
11.05207
12.178905
13.127268
13.055161
12.499777
11.865382
11.36455
10.83978
10.394378
9.995415
9.682414
9.444583
9.120258
8.522548
7.931814
7.359326
6.831021
6.356595
6.221091
6.159018
6.095965
6.042245
6.048101
6.073584
6.079821
6.097707
6.123368
6.090706
6.045348
5.999926
5.965185
5.934412
5.945335
5.954981
5.947109
5.927787
5.883185
5.840395
5.758758
5.694217
5.658548
5.657493
5.642081
5.633485
5.633485
5.622638
5.581298
5.564398
5.628748
5.682156
5.715008
5.735913
5.718142
5.633898
5.541032
5.450328
5.385952
5.350398
5.314882
5.287694
5.278978
5.273789
5.257182
5.238903
5.213229
5.189157
5.16239
5.142724
5.201721
5.288686
5.37124
5.448541
5.630089
6.319642
7.264489
8.26209
9.23724
10.08322
10.310547
10.241651
10.087486
9.934308
9.579966
8.769585
7.801219
6.809868
5.821995
5.035718
4.716104
4.565322
4.463784
4.408557
4.437741
4.495542
4.571438
4.678025
4.751779
4.790932
4.795567
4.79151
4.838102
4.930829
4.985133
4.999731
4.736914
4.293959
4.172813
4.071128
4.01807
4.237137
4.589101
4.574331
4.539445
4.525546
4.498874
4.483843
4.490468
4.526849
4.533602
4.538523
4.536495
4.507572
4.454774
4.412811
4.376691
4.344862
4.315532
4.304514
4.175203
3.71664
3.722038
3.695709
3.65484
3.739415
4.188021
4.168254
4.19602
4.240151
4.26503
4.279018
4.268165
4.24429
4.223188
4.226068
4.228427
4.240603
4.200324
4.1522
4.087176
4.025725
3.990355
4.022031
4.067046
4.119977
4.161654
4.166111
4.123601
4.120518
4.12561
4.13778
4.163886
4.2151
4.220912
4.2261
4.273881
4.361806
4.370116
4.370269
4.442141
4.472774
4.449198
4.502784
4.562683
4.537785
4.501773
4.486361
4.482012
4.412976
4.04581
3.692505
3.503905
3.509933
3.495087
3.828396
4.86569
6.351292
7.996062
9.932165
11.533528
12.324008
12.501971
12.348245
12.417103
12.752555
13.130466
13.44493
13.679473
13.470878
13.197926
12.911952
12.618775
12.282935
11.952773
11.62848
11.276834
10.913336
10.533798
10.147379
9.795428
9.499034
9.274893
9.140566
9.065388
9.010607
8.990064
8.957549
8.876808
8.754535
8.641495
8.516915
8.371532
8.23201
7.927579
7.394506
6.788009
6.179001
5.582035
5.195509
5.03999
4.975729
4.958677
4.96747
4.998262
5.073599
5.177655
5.293042
5.393429
5.46422
5.494294
5.485787
5.465409
5.465848
5.424673
5.189113
4.928012
4.757539
4.667515
4.702071
5.00682
5.419758
5.768994
6.071187
6.343967
6.682605
7.025807
7.289318
7.463624
7.546266
7.471998
7.307527
7.170326
7.038797
6.663607
6.221842
5.830648
5.511085
5.282443
5.377184
5.577896
5.780471
5.958897
6.097993
6.005769
5.80837
5.671894
5.623178
5.685665
5.730598
6.118924
6.338716
6.404248
6.348482
6.531111
6.898226
7.287436
7.723529
8.589321
9.489281
10.188847
10.869682
11.428188
11.442881
11.124316
10.754327
10.306706
9.878147
9.509366
9.167956
8.849557
8.539251
8.246538
7.965473
7.778241
7.732755
7.756337
7.799254
7.854245
7.843646
7.703158
7.520847
7.330124
7.136063
6.939872
6.529006
5.723757
4.814794
3.909124
3.038246
2.435724
2.277878
2.284777
2.332246
2.50612
3.078932
3.753263
4.396897
4.976429
5.406552
5.406571
5.273815
5.118513
4.9755
4.713211
4.418584
4.188803
4.058787
4.023557
4.185014
4.406154
4.571788
4.657209
4.669531
4.649764
4.549713
4.384034
4.187926
3.97802
3.742549
3.566857
3.440967
3.341062
3.245971
3.027959
2.657074
2.237587
1.805556
1.373665
1.070728
0.94253
0.867321
0.818268
0.793166
0.805609
0.850777
0.916418
0.982821
1.043274
1.079292
1.050605
0.9562
0.930997
0.898545
0.857605
0.860772
0.922299
0.919806
0.925376
0.935543
0.942022
0.94253
0.940953
0.939002
0.951114
0.96217
0.963391
0.970156
0.981957
0.984449
0.980469
0.994997
1.008146
1.022725
1.054445
1.107579
1.172788
1.252842
1.349123
1.452492
1.558221
1.667827
1.779749
1.897773
2.018017
2.142184
2.262231
2.371221
2.472098
2.567215
2.653958
2.73709
2.820387
2.906564
3.041623
3.291361
3.495443
3.599175
3.63127
3.562609
3.313646
3.042888
2.807582
2.636028
2.389729
2.157558
1.962899
1.82491
1.719162
1.697863
1.739127
1.772449
1.774694
1.763256
1.749014
1.696839
1.618565
1.533697
1.439821
1.337748
1.253313
1.198093
1.16271
1.142053
1.114364
1.096491
1.080609
1.061515
1.039084
1.034423
1.04307
1.071745
1.119526
1.178644
1.197444
1.351195
1.765983
2.379626
3.131882
4.026431
4.872798
5.573611
6.177736
6.723869
7.211685
7.321458
7.942476
8.317361
8.622472
8.74428
8.676496
8.563304
7.90434
7.299325
6.770543
6.308782
5.92546
5.670145
5.525855
5.463711
5.529231
5.617888
5.70027
5.796588
5.905311
6.008096
6.148241
6.365076
6.537488
6.604941
6.584436
6.470932
6.193841
5.817411
5.148389
4.401621
3.723532
3.070069
2.563012
2.28519
2.359885
2.528488
2.736658
2.987687
3.568497
4.581961
5.567679
6.4139
7.094436
7.387048
7.078923
6.665718
6.257212
5.895037
5.119581
4.414254
3.853065
4.86761
8.382181
12.758875
17.829381
22.562973
26.742287
28.624054
29.046389
27.768066
25.610175
23.298481
20.311452
17.836311
16.167928
14.580349
14.961839
15.704189
17.222579
19.471373
21.985634
25.483655
27.900124
29.605136
30.766375
30.659101
29.996412
29.812931
30.029506
30.417914
31.079879
31.796459
32.334727
32.484097
32.543869
32.303502
30.278189
27.847498
25.479586
22.862266
20.006945
18.543685
17.409844
16.287358
15.277257
14.151891
12.894181
11.831137
10.860933
10.202421
9.925012
10.288688
10.972333
11.721371
12.29293
12.771331
12.686412
12.264414
11.781353
11.399621
10.987179
10.64336
10.413732
10.190843
9.967878
9.791391
9.643935
9.435593
9.170957
8.912705
8.653862
8.385227
8.195407
8.070935
7.947836
7.809637
7.605905
7.52353
7.477256
7.484771
7.514006
7.676365
7.772868
7.866166
7.898866
7.775717
7.04848
6.120106
5.244949
4.123245
3.039397
2.251289
2.041898
2.02428
1.941956
1.791257
1.952218
2.385845
3.014881
3.878949
5.021329
5.966431
6.834849
7.83718
8.925034
10.13273
11.623966
13.326848
15.007694
16.796226
17.868318
18.564355
18.983899
19.182042
19.249781
16.229677
13.833281
13.774348
13.787656
13.72948
13.944389
17.290363
18.478801
18.182248
17.895721
17.878402
17.907172
17.899339
17.914649
18.018966
17.732134
17.542238
17.579598
17.677786
17.595016
17.314485
16.870641
16.529123
15.838179
14.538379
13.621507
12.773391
12.053898
11.451681
11.118442
10.888038
10.730822
10.766529
10.850951
10.835526
10.645248
10.421756
10.125775
9.741327
9.583609
9.714331
9.914375
10.194391
10.550863
10.780281
10.984776
11.141108
11.256291
11.446461
11.709952
11.991055
12.273602
12.595072
12.839496
12.929526
12.924306
12.834479
12.712544
12.477384
12.251406
12.038455
11.886567
11.802151
11.908184
12.125166
12.411979
12.703185
12.976639
13.280015
13.761925
14.281023
14.833464
15.535236
16.279289
17.072618
18.093521
19.27686
20.536521
21.594543
22.270514
22.478112
22.303932
21.860031
21.425278
21.00932
20.723703
20.577226
20.465298
20.378447
20.328555
20.347966
20.357656
20.40187
20.525083
20.564656
20.431613
20.182847
19.864594
19.434566
19.016096
18.649725
18.593494
18.57037
18.599058
18.832386
19.246653
19.48983
19.785188
19.959679
19.914537
19.666464
19.293429
18.941484
18.712371
18.574077
18.543081
18.673136
18.729481
18.517795
18.170848
17.561001
16.690536
15.719194
14.820747
13.853538
13.077294
12.425521
11.842009
11.264951
10.632246
9.339052
7.640747
5.788692
4.006428
2.396628
1.613021
1.383691
1.273163
1.25358
1.202175
1.147432
1.082904
1.134875
1.209042
1.298595
1.409772
1.542618
1.682413
1.820917
1.97744
2.133709
2.29563
2.445172
2.567425
2.634674
2.675289
2.718315
2.759629
2.859146
3.013564
3.177348
3.337737
3.439072
3.418777
3.33122
3.115739
2.678233
2.125437
1.614216
1.1408
0.805151
0.688067
0.695341
0.768255
0.849041
0.92249
0.990343
1.056416
1.120683
1.186547
1.265578
1.335109
1.393184
1.462792
1.538968
1.619214
1.734447
1.87943
2.020262
2.156452
2.28945
2.39989
2.506012
2.620483
2.741547
2.868842
2.994916
3.124684
3.253365
3.388112
3.510111
3.630412
3.75147
3.903682
4.163028
4.467242
4.743284
4.981216
5.15118
5.151155
5.075093
5.050443
5.114939
5.239952
5.400328
5.569637
5.704136
5.755165
5.760042
5.437936
4.923065
4.732565
4.208056
3.758406
3.631258
3.979534
3.950929
4.358462
4.848263
5.334623
5.829523
6.290623
6.703262
7.122571
7.540156
7.933479
8.311785
8.700956
9.03705
9.314211
9.579839
9.839483
10.094525
10.324553
10.517896
10.647664
10.729277
10.763375
10.791618
10.803234
10.789513
10.77536
10.71623
10.588019
10.435222
10.286475
10.132279
9.999357
9.902098
9.809645
9.729629
9.640692
9.546192
9.457408
9.375452
9.311579
9.278237
9.264853
9.261821
9.27029
9.288378
9.30414
9.308432
9.313238
9.320391
9.319933
9.321326
9.35023
9.400058
9.457592
9.526081
9.610516
9.677442
9.726761
9.773213
9.801252
9.832388
9.868133
9.901634
9.931873
9.972418
10.012995
10.041092
10.064114
10.100609
10.148104
10.192197
10.250412
10.305695
10.353839
10.385604
10.425062
10.458111
10.488757
10.517782
10.553495
10.590117
10.620554
10.64439
10.635775
10.611678
10.578743
10.538134
10.512892
10.509109
10.519098
10.526302
10.531916
10.536532
10.559853
10.586182
10.634325
10.671653
10.721342
10.76747
10.82152
10.876466
11.048089
11.318206
11.670329
13.302096
15.875437
17.92816
19.495966
20.748519
20.860262
19.690974
18.755504
18.048938
17.523176
17.09154
16.66134
16.304308
15.986201
15.665704
15.306873
14.916481
14.546791
14.201287
13.920985
13.65736
13.427338
13.181986
12.860191
12.487576
12.089783
11.61516
11.151224
10.738063
10.378044
10.081529
9.89895
9.772736
9.661928
9.568095
9.488645
9.428936
9.466786
9.667847
9.931637
10.216307
10.500577
10.670719
10.663604
10.569454
10.42833
10.26171
10.107572
9.90103
9.716709
9.606244
9.578472
9.649288
9.942783
10.351391
10.77831
11.180274
11.524328
11.742493
11.789345
11.633293
11.377546
11.080656
10.779003
10.699267
11.146843
11.741615
11.957122
11.824919
11.370406
10.38458
9.037915
7.179119
5.442717
3.913155
2.532761
1.544818
1.067142
1.036007
1.062793
1.14541
1.248557
1.239713
1.579476
2.088509
2.636124
3.243873
3.860708
4.598905
5.455605
6.376712
7.310134
8.215695
9.021613
9.701926
10.365582
11.000569
11.637553
11.927036
11.981715
12.013982
11.737851
11.316877
11.143155
11.119974
11.063635
11.083943
11.219503
11.38667
11.598692
11.822655
11.661332
11.542398
11.816997
12.0422
12.2371
12.717446
13.31501
13.39467
13.437771
13.458696
13.47391
13.464704
13.435266
13.408123
13.38264
13.355854
13.331877
13.327357
12.536947
11.433866
11.600256
11.810263
12.041615
12.835547
14.146067
13.359535
12.158139
9.297642
7.950373
8.085698
9.031925
9.789147
12.604736
14.457212
14.496085
14.484475
14.328124
14.172853
14.0502
13.947593
13.880668
13.964137
14.066521
14.172148
14.255114
14.328836
14.51797
14.692817
14.809004
14.89274
14.933743
14.817638
14.688913
14.570983
14.463487
14.358001
14.175517
13.993098
13.831323
13.687618
13.561131
13.51897
13.513655
13.519193
13.514678
13.51431
13.515893
13.511906
13.504569
13.502102
13.496037
13.199204
12.696172
12.911736
13.192477
13.518035
14.040574
15.195842
15.41531
15.512487
15.544366
15.503725
15.432725
15.392205
15.411476
15.4574
15.98114
16.832976
17.620042
18.313129
18.930949
19.070369
18.653845
18.1897
17.736782
17.306398
16.932136
16.615701
16.331222
16.318627
16.377814
16.402026
16.367412
16.296234
15.961131
15.348874
14.734665
14.175918
13.750538
14.169871
14.980202
15.7784
16.515218
17.151305
16.974831
16.432818
15.921171
15.451564
15.002588
14.598507
14.22602
13.886422
13.57693
13.291701
13.041714
12.799452
12.577111
12.355284
12.148449
11.968255
11.805177
11.651528
11.511491
11.410926
11.314951
11.226224
11.158803
11.097403
11.015161
10.941166
10.885558
10.82721
10.773141
10.491764
10.087315
9.728332
9.401597
9.126311
9.091304
9.250122
9.406867
9.566353
9.714554
9.935846
10.220504
10.503355
10.803622
11.140072
11.47614
11.720316
11.968338
12.194679
12.371077
12.535662
12.843756
13.170516
13.492514
13.815066
14.064556
14.178964
14.26467
14.340624
14.429898
14.532555
14.634958
14.711923
14.762794
14.784735
14.785842
14.781486
14.768923
14.771224
14.766405
14.372141
13.854537
13.345694
12.82746
12.324428
12.219336
12.241741
12.276908
12.323207
12.398887
12.699682
13.016441
13.293901
13.536906
13.729848
13.676682
13.567539
13.479499
13.402834
13.349127
13.936047
14.896892
15.851296
16.73337
17.527907
17.612088
17.239555
16.806908
16.352388
15.897093
15.430773
14.979776
14.525186
14.130928
13.785367
13.496793
13.259046
13.040303
12.827746
12.624771
12.48832
12.396573
12.317282
12.24995
12.200878
12.089116
11.929954
11.792652
11.671925
11.553772
11.617385
12.169539
12.941269
13.869592
14.900459
15.859663
16.708211
17.886706
18.377301
18.29415
18.161629
17.423781
16.091396
15.638129
15.794003
15.975386
16.481762
17.641475
18.89722
20.071918
21.208881
22.255
22.695564
22.725568
22.682295
21.084257
18.298664
15.940563
13.103464
10.430536
9.437965
9.955105
9.868909
10.209008
10.426346
10.339794
10.242077
10.159854
10.086666
10.026303
9.978089
9.933793
9.895981
9.876773
9.857928
9.842408
9.835134
9.840641
9.849338
9.846687
9.576552
9.338467
9.255793
9.168974
9.103384
9.368992
9.907807
10.628978
11.594992
12.626017
13.896309
15.050833
15.840436
16.415142
16.924926
17.167296
17.217715
16.89339
16.258314
15.515965
15.367033
16.502579
18.873835
21.200794
23.025751
24.139406
23.845797
22.418231
21.13502
20.451094
19.974105
19.586231
19.369586
19.159649
18.872213
18.552186
18.264788
17.890698
17.536198
17.233051
16.964499
16.820457
16.990046
17.23562
17.56334
17.968909
18.324611
18.406802
18.493367
18.522913
18.605161
18.79069
18.984198
19.132074
19.293931
19.358339
19.25673
19.120394
18.995178
18.859751
18.797315
18.850519
19.04577
19.685951
20.583902
21.505371
22.418257
23.300547
23.780588
24.023365
24.214628
24.311176
24.297213
24.246145
24.162085
23.961609
23.746191
23.461381
23.132612
22.79531
22.626821
22.134172
21.249567
20.158979
18.955396
17.566945
16.530516
15.987377
15.669696
15.453872
15.317059
15.225986
15.151285
15.07425
15.008546
14.964815
14.894787
14.831772
14.80332
14.74768
14.163997
13.369447
12.582699
11.791634
11.137274
10.761735
10.826765
11.011225
11.211085
11.427711
12.000001
12.876391
13.777934
14.597433
15.391442
15.912626
15.938954
15.867172
15.818412
15.764247
15.719016
15.664044
15.598511
15.551315
15.48219
15.437144
15.400883
15.377683
15.314223
15.290768
15.526551
16.377096
17.642536
19.063757
20.559538
21.874826
22.476821
22.585341
22.475295
22.228265
22.002642
21.869193
21.770776
21.700551
21.633607
21.54165
21.331764
20.937582
20.418649
19.789531
18.871259
17.636375
16.263032
15.14396
14.198769
13.363439
12.890322
12.659149
12.486603
12.381663
12.332274
12.353707
12.511349
12.786526
13.141498
13.484732
13.788101
13.980878
13.947593
13.842526
13.71841
13.757322
14.155089
14.658299
15.197177
15.750081
16.314678
14.999409
12.152213
11.770347
11.558757
11.096176
11.868542
14.116578
13.687523
13.032463
13.008722
13.576021
14.545545
15.712899
16.969401
18.024396
18.921628
19.561498
20.231162
21.217013
22.458414
23.687303
24.846189
25.742804
26.411724
26.919003
27.3586
27.773236
28.169274
28.51947
28.820887
29.111801
29.403662
29.610083
29.794225
29.902211
29.941218
29.933613
29.954576
27.483346
25.508236
25.509297
25.523279
25.576966
28.079447
30.046704
30.06609
30.081102
30.016198
29.950024
29.913236
29.875259
29.819817
29.777707
29.691091
29.508621
28.837583
27.702496
26.308361
24.686658
22.941984
21.455657
20.319533
19.331056
18.255576
17.049099
15.932704
14.904197
13.982353
13.435851
13.2902
13.217165
13.158461
13.108251
13.300106
13.851739
14.448838
15.082503
15.755149
16.154588
16.142902
16.070134
15.986258
15.871222
15.838681
16.074324
16.613991
17.526222
18.737111
20.053651
21.165621
22.170495
22.947484
23.549015
24.005855
24.421577
24.718029
24.936321
25.129294
25.313431
25.468224
25.641946
25.768026
25.834316
25.948062
26.073284
26.150999
26.136693
25.864129
25.29407
24.532055
23.733367
22.855724
21.991891
21.346629
20.835039
20.390953
20.137037
20.038907
19.935175
19.844967
19.785315
19.778251
19.735767
19.723864
19.815681
19.981169
20.214669
20.598265
21.026068
21.361488
21.647938
21.835171
21.884808
21.898179
21.962974
22.186562
22.752278
23.57933
24.549337
25.618065
26.596051
27.358696
27.909279
28.283178
28.558616
28.764478
28.827576
28.847082
28.870283
28.884207
28.896516
28.919183
28.965679
29.005773
29.050013
28.854693
28.332206
27.486264
26.451036
25.174049
23.92458
22.860562
22.052769
21.398816
20.873048
20.485415
20.223609
19.431418
15.691403
13.250278
11.145851
10.951529
11.141693
14.467868
16.604301
18.482711
18.366715
18.296572
18.268298
18.226475
18.153331
18.064
17.956384
17.588582
17.079561
16.591382
16.027478
15.401259
14.947845
14.642569
14.3396
14.136447
14.039575
14.136371
14.63279
15.266626
15.925221
16.57363
17.068619
17.188227
17.153931
17.093574
17.021893
16.927806
16.869458
16.937102
17.306741
17.98579
18.972639
20.090916
21.345198
22.402654
23.242384
23.930384
24.477802
24.981457
25.672312
26.525216
27.412879
28.353232
29.342637
30.193042
30.918199
31.542587
32.10885
32.598752
33.004563
33.357506
33.805254
34.23485
34.630519
34.99895
35.332075
35.508594
35.569937
35.481922
35.414933
35.428737
35.25457
34.754323
34.098679
33.272269
32.242141
31.109285
30.322721
29.847144
29.51515
29.27294
29.089853
28.931168
28.815222
28.828663
28.878523
28.934506
29.133825
29.621095
30.304683
31.181519
32.178255
33.146602
33.830483
34.302029
34.685484
35.04434
35.362079
35.501244
35.374274
35.036329
34.498131
33.848457
33.284941
32.86602
32.533378
31.853147
31.039988
30.300487
29.601518
28.95667
26.403141
24.229277
23.648003
23.12029
22.659622
24.559039
26.294208
26.419487
26.512862
26.608697
26.758748
26.892706
27.103851
27.385864
27.698051
28.175428
29.16395
30.356947
31.528962
32.60656
33.406227
33.646874
33.54943
33.384826
33.225734
33.104925
32.997416
32.95909
33.081889
33.32487
33.653537
34.050249
34.480646
34.803973
35.050298
35.252752
35.458035
35.610158
35.383372
34.838212
34.221262
33.470959
32.559141
31.832706
31.283311
30.703188
30.189011
29.676099
28.142989
27.892163
27.705509
27.471558
27.313204
28.406099
28.236745
28.071556
27.94697
27.831425
27.723344
27.574876
27.421323
27.279423
27.149502
27.056331
27.002395
26.948848
26.884421
26.83362
26.813497
26.794467
26.798689
26.816231
26.845103
26.860146
26.880575
26.871578
26.865195
26.844245
26.828451
26.791301
26.770351
26.732495
26.705671
26.649796
26.598162
26.572742
26.597094
26.731592
26.711177
22.099094
17.691958
12.678935
8.097905
3.086256
2.577102
1.801347
1.552645
0.728371
0.467385
0.305757
0.20383
0.148261
0.115968
0.114544
0.117462
0.115587
0.115269
0.126446
1.962721
4.153694
5.958923
7.689317
9.413569
9.34005
8.745984
8.503671
8.237713
7.991077
7.718367
7.163351
5.803099
4.414102
2.988005
1.63832
2.989951
8.572243
14.10088
20.042773
26.094488
31.094426
31.651997
31.872934
31.744145
31.293033
30.70884
30.12646
29.65527
29.28488
28.989554
28.758762
28.581938
28.456525
28.351515
28.255012
28.161676
28.061377
27.946334
27.800874
27.660456
27.532939
27.407723
27.305822
27.248186
27.223141
27.201142
27.177936
27.16019
27.110178
27.016924
26.907972
26.807794
26.647526
26.490691
26.349701
26.218509
26.092829
25.974632
25.898501
25.835943
25.789625
25.863607
26.090527
26.372902
26.749986
27.151333
27.544192
27.835608
28.06373
28.231411
28.318269
28.343497
28.306099
28.226019
28.115173
28.031316
27.932264
27.817259
27.702693
27.595419
27.488896
27.38147
27.267718
27.191847
27.126772
27.044289
26.941294
26.811513
26.690373
26.528605
26.341417
26.156428
25.957605
25.743357
25.486879
25.164264
24.815377
24.547741
24.336112
24.031796
23.666493
23.19185
22.510385
21.625939
20.588047
19.640294
18.65883
17.751895
16.98749
16.311836
15.748664
15.291906
14.918802
14.591456
14.313405
14.056761
13.850372
13.663909
13.514952
13.362498
13.22571
13.104996
12.996623
12.889108
12.804615
12.720523
12.63214
12.546846
12.47823
12.418165
12.383005
11.372396
9.693807
8.258536
8.041459
7.89893
8.224056
9.930124
11.48054
11.508541
11.431252
11.361479
11.290694
11.219083
11.133358
11.058504
10.98489
10.904747
10.830262
10.754442
10.680548
10.603756
10.525767
10.448504
10.369791
10.291352
10.217553
10.156402
10.089833
10.033055
9.976621
9.952613
10.18149
10.827547
11.912355
13.494453
15.474732
17.351674
18.844149
19.91193
20.50201
20.747724
20.871102
20.980232
21.07067
21.133055
21.216168
21.284701
21.35417
21.428998
21.501461
21.529048
21.569009
21.611398
21.657011
21.693093
21.70916
21.718875
21.728622
21.750131
21.788947
21.822753
21.866522
21.918334
21.99135
22.051212
22.119841
22.171411
22.195216
22.190422
22.147797
22.097962
22.04966
22.025811
22.036397
22.082322
22.127559
22.146951
22.160348
22.160094
22.141649
22.104759
22.067266
21.992902
21.895509
21.817317
21.081802
19.920799
19.913386
19.994419
20.074735
20.855837
22.088648
22.207296
22.249946
22.294045
22.367131
22.452813
22.524087
22.613519
22.736059
22.823069
22.907053
22.993433
23.091869
23.131098
22.938226
22.961567
23.023755
23.143274
23.40908
23.97849
24.366052
24.751326
25.047517
25.227183
25.247822
25.183529
25.118734
25.066617
25.006685
25.012948
25.06263
25.092697
25.115574
25.135366
25.156246
25.157543
25.167081
25.162846
25.166572
25.190599
25.251751
25.32422
25.42883
25.524748
25.590172
25.634246
25.671384
25.697706
25.720131
25.739123
25.764027
25.750078
25.719228
25.684551
25.649677
25.595716
25.569807
25.553861
25.534901
25.515649
25.531354
25.556964
25.620551
25.708744
25.8628
26.016856
26.211305
26.392262
26.554132
26.645638
26.739019
26.785922
26.809689
26.813446
26.871419
26.896623
26.939946
26.998027
27.051238
27.099604
27.159866
27.212218
27.244892
27.344542
27.45181
27.562294
27.669345
27.778424
27.850569
27.897199
27.953684
28.006577
28.052641
28.093511
28.148705
28.186262
28.225364
28.251541
28.268949
28.255381
28.230006
28.18672
28.181055
28.161612
28.151198
28.167786
28.195068
28.200727
28.161116
28.120037
28.076999
28.037534
27.975003
27.958522
27.949539
27.92005
27.869045
27.819675
27.742278
27.670349
27.633987
27.622657
27.635272
27.684299
27.73297
27.768562
27.797015
27.817132
27.821748
27.832378
27.844293
27.837083
27.806603
27.762522
27.706393
27.616744
27.51932
27.449031
27.405529
27.383289
27.379569
27.402801
27.419364
27.423103
27.418932
27.413699
27.393004
27.378291
27.379957
24.460076
22.949588
22.929032
22.893408
22.854223
25.417023
27.226327
27.243538
27.244721
27.249165
27.263007
27.276327
27.271482
27.290448
27.302547
27.295941
27.29701
27.312631
27.327878
27.340283
27.36637
27.366077
27.337345
27.294727
27.23615
27.175812
27.108906
27.059974
27.023053
27.002764
26.968819
26.954036
26.91569
26.876417
26.856586
26.874617
26.881923
26.903712
26.931007
26.965201
27.011958
27.069918
27.129264
27.183957
27.210012
27.22262
27.242203
27.249286
27.276511
27.308365
27.285991
27.183505
27.071559
26.925151
26.79331
26.680022
26.592274
26.516168
26.46676
26.431975
26.443108
26.494284
26.548149
26.611399
26.667141
26.681097
26.662016
26.617014
26.568037
26.509772
26.474059
26.44855
26.450826
26.457064
26.454628
26.445924
26.453802
26.471045
26.461304
26.470524
26.471089
26.459422
26.442599
26.439878
26.423156
26.40131
26.373105
26.330265
26.276157
26.210504
26.161477
26.107338
26.074517
26.064008
26.064859
26.082503
26.150821
26.280983
26.413174
26.590373
26.761367
26.884574
26.924566
26.933964
26.913268
26.827955
26.757069
26.697914
26.665888
26.631745
26.64071
26.63612
26.633055
26.638148
26.649751
26.651856
26.668113
26.670746
26.686234
26.688974
26.689934
26.691022
26.695873
26.695243
26.69352
26.692465
26.682673
26.691187
26.692312
26.694099
26.690532
26.695313
26.682076
26.67196
26.657673
26.65424
26.649262
26.648581
26.650978
26.65506
26.631281
26.623664
26.616963
26.610389
26.597265
26.603223
26.599592
26.588421
26.586285
26.580474
26.57395
26.565411
26.555512
26.54649
26.549726
26.546795
26.538828
26.550591
26.551036
26.538549
26.523124
26.508634
26.505499
26.499154
26.490825
26.477905
26.470511
26.441683
26.425763
26.400375
26.385319
26.368012
26.366442
26.357388
26.345696
26.331473
26.325712
26.304241
26.274956
26.263219
26.254406
26.238829
26.219621
26.209913
26.181969
26.156244
26.127308
26.111394
26.086572
26.07432
26.054788
26.047318
26.024867
26.006855
25.975872
25.947057
25.912336
25.890222
25.859646
25.836694
25.808642
25.779134
25.75634
25.738487
25.717804
25.695812
25.685035
25.656315
25.637578
25.610175
25.598444
25.575561
25.552666
25.525065
25.508306
25.482873
25.462025
25.446346
25.425117
25.405941
25.385862
25.373133
25.359336
25.348629
25.321474
25.299856
25.286644
25.270399
25.252495
25.238545
25.227228
25.205928
25.170101
25.149952
25.132817
25.115745
25.093098
25.083694
25.068867
25.060869
22.316222
17.492708
12.667624
7.674738
2.766649
0.101777
0.099901
0.098452
0.099189
0.099488
0.099965
0.100537
0.100047
0.101701
0.08564
0.065915
0.046325
0.026163
0.006585
0
0.002347
0.007342
0.014307
0.020691
0.026603
0.034819
0.045818
0.054679
0.066142
0.078373
0.087001
0.086357
0.074512
0.068065
0.059259
0.050015
0.044299
0.054059
0.060513
0.070018
0.081056
0.089779
0.097142
0.100569
0.102483
0.103913
0.103945
0.103538
0.103856
0.103519
0.10191
0.104524
0.105185
0.104237
0.104244
0.104377
0.104447
0.104746
0.106863
0.106545
0.106323
0.10418
0.102406
0.099361
0.098757
0.096233
0.094853
0.095978
0.096105
0.096601
0.097441
0.097619
0.096837
0.096372
0.095749
0.095857
0.09697
0.09889
0.100276
0.098903
0.101052
0.101726
0.099539
0.099062
0.100162
0.098617
0.09868
0.099558
0.098986
0.099602
0.099755
0.101313