0.2017
0.446893
0.691257
0.934691
1.177778
1.219644
1.217868
1.217289
1.217411
1.219191
1.220442
1.222223
1.223601
1.225615
1.225371
1.224735
1.224862
1.224181
1.222858
1.223225
1.223087
1.221363
1.220946
1.221577
1.221454
1.222482
1.223209
1.224145
1.223993
1.223916
1.224171
1.223438
1.359628
1.824556
2.003411
2.343822
2.933917
3.414023
3.533535
3.644282
3.540783
3.006455
2.285821
1.772994
1.668066
1.622629
1.760746
2.05835
2.190099
2.120527
1.863365
1.562924
1.306698
1.080346
1.08528
1.298926
1.427532
2.06719
2.829106
3.456398
4.069891
4.701757
4.660933
4.149525
3.393042
2.779777
2.259417
1.822058
1.645665
1.65304
1.476876
1.329481
1.229603
1.183143
1.194069
1.257289
1.463377
1.485594
1.923813
2.914391
3.801754
4.478609
5.221903
5.657187
5.438449
4.900322
4.301534
3.525579
2.694188
1.979917
1.697369
1.574612
1.956448
2.346421
2.744208
3.07263
3.256124
3.493713
3.606485
3.779612
3.988233
4.364865
4.50837
4.709264
4.799859
5.123124
6.498218
8.057253
9.816186
11.71993
13.44959
14.022264
14.352269
14.255397
13.236798
11.184936
9.282143
7.432824
5.861581
5.067946
5.274619
5.413434
5.509247
5.534578
5.582574
5.665285
5.762482
5.778997
5.667858
5.518179
5.435463
5.607365
5.833916
6.093381
6.228946
5.982257
5.286857
4.494641
3.738417
3.721372
4.457169
5.228556
5.813891
6.35424
6.423523
6.111692
5.864953
5.9377
6.122577
6.303452
6.444189
6.864855
7.361578
8.184002
9.061833
9.384213
9.354004
8.865287
7.811556
8.106195
9.543363
9.367204
10.27595
11.715896
11.507814
10.50772
11.408425
12.707573
12.868264
11.618297
9.686079
7.349284
3.915163
1.728556
1.42581
1.937553
2.692582
3.616652
4.223848
4.643644
5.11022
5.601449
5.918544
6.061581
5.995447
5.909628
5.872293
5.824852
5.923407
6.137389
6.358213
6.591335
6.725292
6.772891
6.787703
6.780882
6.692897
6.701101
6.732647
6.809809
6.897286
6.795521
6.604921
6.370954
6.01388
5.58003
5.311084
5.091349
4.889757
4.728059
4.583868
4.397454
4.232795
4.080207
3.894139
3.681154
3.452609
3.19321
2.906242
2.588455
2.309626
2.129835
2.012567
1.923879
1.893437
1.862679
1.785721
1.692547
1.615365
1.551245
1.51268
1.470971
1.425727
1.391947
1.376719
1.20161
0.920053
0.651879
0.387368
0.116976
0.305988
0.607158
0.845937
1.061456
1.280652
1.17296
1.064039
1.028179
0.995097
0.944319
0.92204
0.908591
1.002625
1.122019
1.142508
1.084598
0.982783
0.74229
0.520454
0.405983
0.345058
0.307448
0.264208
0.18483
0.133614
0.108329
0.091908
0.895615
1.512719
2.183638
2.555666
2.701665
1.981905
1.404409
2.115414
3.054787
4.569275
7.385906
9.939074
10.557084
10.789988
10.935125
10.037914
9.323537
9.044143
9.032729
8.83015
8.483386
8.326947
8.398005
8.558096
8.537735
8.388864
8.260258
8.219958
8.268198
8.294963
8.194033
8.197985
8.288046
8.334531
8.332008
8.332857
8.352817
8.418371
8.617236
9.031289
9.154631
8.797154
8.027644
7.394304
7.228196
7.414721
7.560982
7.442793
7.030037
6.231819
5.697889
5.437101
5.689893
5.874246
6.048992
6.146133
6.520852
7.055815
8.429729
8.585914
8.16945
7.771434
7.118847
6.068737
6.218798
7.03813
7.796745
8.414037
8.658172
8.837714
8.855313
8.66394
8.551249
8.533193
8.554205
8.342186
8.146876
7.949582
7.700595
7.465331
7.508627
7.566679
7.638164
7.733601
7.833479
7.947492
8.06825
8.197568
8.35834
8.531529
8.689652
8.867907
9.035236
9.170836
9.271253
9.362407
9.42494
9.475891
9.52291
9.561893
9.390474
9.255765
9.161116
9.096045
9.069437
9.248827
9.36641
9.433119
9.489203
9.536735
9.601262
9.751496
9.972864
10.289196
10.637384
11.172429
11.221842
9.230829
7.253382
5.251769
3.043564
1.345329
4.028595
6.495918
8.847627
11.289188
13.520811
13.260633
13.04334
13.005619
12.487695
11.350144
11.458125
11.472158
11.394865
11.634182
12.521276
12.157833
11.63701
10.708844
10.687333
10.680171
10.749479
10.973869
10.747292
11.011442
11.2584
11.52315
11.934695
13.224774
13.221162
13.368288
13.547866
13.787947
14.119802
14.377513
14.54004
14.697034
14.804887
14.433627
12.814709
11.471812
10.193275
8.974305
8.121103
8.681636
9.22639
9.628373
9.978555
10.302731
10.478091
10.527868
10.565721
10.555624
10.457033
10.397929
10.364719
10.224587
10.045783
9.8832
9.726689
9.584675
9.448318
9.300383
9.142286
8.996757
8.816905
8.620461
8.4457
8.289332
8.255533
8.241082
8.40361
0
0.071909
0
0.474579
3.072341
7.012083
11.734036
16.728247
21.248194
23.51177
24.247882
21.097523
16.589085
11.96764
7.24164
2.565786
1.004317
0.515177
0.141225
0.390339
0.861986
1.315285
1.770325
2.238488
2.309595
2.307759
2.321233
2.317205
2.297846
2.26898
2.238487
2.199687
2.142236
2.080222
2.018284
1.958411
1.906585
1.88479
1.865344
1.842562
1.809892
1.778879
1.694576
1.596576
1.504343
1.428733
1.368941
1.370808
1.39564
1.425956
1.457624
1.482746
1.544129
1.61681
1.679709
1.72893
1.765705
1.753295
1.711296
1.671413
1.629948
1.587629
1.392721
1.188871
1.003957
0.843337
0.713053
0.75557
0.839365
0.931928
1.032798
1.145381
1.507349
1.9007
2.263441
2.580744
2.855667
2.823073
2.691848
2.551985
2.392881
2.22781
2.345501
2.504575
2.56372
2.573435
2.548898
2.235684
1.889088
1.639678
1.452832
1.299557
1.173306
1.070778
0.976882
0.896048
0.825438
0.717844
0.542006
0.377347
0.22312
0.082763
0.024058
0.204784
0.620521
1.229539
1.985951
2.533369
2.628491
3.163276
4.287897
5.483306
6.972596
8.772149
9.719192
9.423307
8.143473
6.984549
5.752995
4.603293
4.053208
4.2416
4.183492
4.144937
4.182506
3.950405
3.795004
3.52946
3.287187
3.087783
3.034482
2.974355
3.063414
3.17613
3.315427
3.446551
3.637919
3.926992
4.141855
3.554278
2.975811
2.68665
2.652129
3.007525
4.388287
5.791642
6.15773
7.370754
8.837531
10.59065
12.892893
16.889893
21.592949
21.919439
23.661291
27.663688
30.718401
31.799182
35.774142
36.67469
33.807545
30.127843
26.011108
22.742372
20.178502
18.06166
16.042128
13.424972
10.668086
8.250701
6.314072
4.779356
4.740653
4.870012
5.081237
5.323322
5.843361
6.110665
6.463594
6.819204
7.17197
7.472569
7.72822
7.977685
8.175533
8.344434
8.511692
8.553996
7.766383
7.283226
7.083262
7.161716
7.579105
8.89487
9.988087
10.86128
11.474971
11.881166
12.292365
12.551998
12.649796
12.640416
12.543433
12.254003
11.934838
11.633898
11.344763
11.06752
10.611148
10.214221
9.899985
9.681018
9.573882
9.71204
9.898647
10.0853
10.229903
10.344597
10.684998
10.979586
11.204784
11.365246
11.432128
11.210073
10.905695
10.5786
10.154272
9.626796
8.257542
7.463215
7.193201
7.437076
8.106408
9.809426
11.103131
12.002676
12.578458
12.885426
12.99247
12.982124
12.879856
12.672456
12.449933
12.224395
12.019792
11.801033
11.675723
11.579773
11.45725
11.320195
11.19604
11.056961
10.917856
10.832607
9.427269
7.21723
5.093606
2.94036
0.795893
1.492713
3.584565
5.705563
7.848117
10.004588
10.659363
10.700492
10.704856
10.666707
10.627938
10.578122
10.510757
10.434755
10.35091
10.249074
10.173723
10.125493
10.098565
10.096551
10.051867
9.993535
9.936852
9.873851
9.813658
9.793037
9.790768
9.796231
9.783129
8.913382
8.832701
8.738149
8.6541
8.607711
9.418826
9.487356
9.535428
9.574563
9.600774
9.698409
12.087543
15.012028
17.47514
19.328539
20.451736
18.734481
16.102112
13.606935
11.507565
9.788037
8.444714
7.427524
6.639107
6.045792
5.62119
5.327269
5.15406
5.059935
4.693545
3.945095
3.50562
3.39297
2.667804
3.052358
3.971341
4.562057
4.872982
5.848392
6.023102
6.108051
6.230299
6.337033
6.441193
6.522215
6.607078
6.672164
6.732866
6.776081
6.816655
6.851909
6.936706
7.001579
7.05283
7.111507
7.16168
7.157748
7.155368
7.158816
7.172489
7.055246
5.790732
4.944411
4.535455
4.424575
4.683135
6.276443
7.598042
8.588879
9.331761
9.876852
10.274643
10.518753
10.649047
10.69685
10.675141
10.587094
10.499851
10.40388
10.289781
10.175401
10.058199
9.938494
9.799532
9.674899
9.568043
9.502163
9.443526
9.362519
9.268766
9.236014
9.781989
10.302003
10.739647
11.080313
11.249865
10.736784
10.176342
9.688816
9.286904
8.897673
8.08829
7.42614
6.919193
6.864626
7.193847
8.135528
9.04342
9.836694
10.196856
10.237019
10.159404
10.048103
9.923271
9.792162
9.668541
9.553831
9.400057
9.257504
9.124015
9.017276
9.031518
9.108532
9.151624
9.176879
9.158064
8.992189
8.798884
8.59837
8.417928
8.249261
7.986347
7.74942
7.579039
7.445881
7.352605
7.40906
7.474634
7.512996
7.544451
7.589604
7.669125
7.727884
7.783596
7.834664
7.592508
7.164299
7.143689
7.075164
7.016065
7.242041
7.52703
7.434421
7.402839
7.366873
7.358099
7.353801
7.353556
7.359355
7.356273
7.361969
7.415474
7.465331
7.508709
7.54558
7.554126
7.538047
7.522569
7.490764
7.432488
7.359431
7.282814
7.197224
7.128435
7.096833
7.083323
7.082041
7.090464
7.106014
7.11373
7.130805
7.160174
7.190144
7.204045
7.212504
7.219869
7.215795
7.216787
7.218445
7.22465
7.229645
7.215698
7.185022
7.145418
7.103562
7.05375
7.034732
7.03459
7.007926
6.989539
7.008542
7.952421
9.243725
10.563732
11.808312
12.869785
12.882811
10.948294
8.2496
5.621233
3.12946
0.779493
1.466964
3.117693
4.610077
6.010427
7.34382
7.103135
6.656396
6.28273
5.9283
5.593662
5.274268
4.985805
4.497576
4.188009
3.976351
3.775269
3.572822
3.401241
3.26674
3.086877
2.916527
2.779228
2.86581
2.77289
2.676619
2.615515
2.193757
1.656743
1.212573
0.910132
0.568923
0.470591
0.556217
0.712183
0.917167
1.201221
1.310859
1.410208
1.467441
1.492639
1.608468
2.097154
2.581395
3.029044
3.398011
3.707161
4.001392
4.312119
4.615918
4.916817
5.195306
5.457203
5.679089
5.876546
6.042852
6.210863
6.356031
6.493996
6.600399
6.676223
6.746945
6.80312
6.872169
6.96462
7.08226
7.166014
7.258994
7.310393
7.324894
7.332519
7.231761
7.076706
6.947723
6.832444
6.739082
6.756172
6.821203
6.885953
6.958008
7.002809
7.122992
7.238089
7.321842
7.376074
7.34556
7.183257
7.014239
6.887962
6.774356
6.74133
6.730938
6.738507
6.711849
6.699687
6.675079
6.671401
6.65014
6.625328
6.59337
6.567515
6.555099
6.555216
6.556681
6.552795
6.551091
6.545791
6.530038
6.540364
6.552826
6.575583
6.722256
6.99459
7.229711
7.441796
7.599283
7.588566
7.474833
7.34464
7.222005
7.136593
7.028064
6.881386
6.751813
6.621849
6.514921
6.479026
6.480659
6.483797
6.499143
6.495283
6.515639
6.535435
6.547973
6.566081
6.59249
6.595888
6.593843
6.601371
6.631818
6.654891
6.660013
6.655862
6.663909
6.657317
6.664178
6.703929
6.766187
6.829107
6.873161
6.908761
7.069763
7.298826
7.501857
7.690605
7.863886
7.868738
7.788372
7.719344
7.66884
7.613154
7.544136
7.474899
7.397112
7.350087
7.314854
7.329152
7.344599
7.375174
7.398465
7.441689
7.634944
7.912004
8.185472
8.430553
8.661559
8.686565
8.623309
8.557496
8.495095
8.429042
8.368971
8.315884
8.26358
8.200508
8.128015
8.07474
8.03297
8.004791
7.995869
8.008585
8.199923
8.479968
8.751875
8.990023
9.191838
9.20989
9.107143
8.994778
8.874901
8.761386
8.843141
9.053995
9.283684
9.534859
9.751318
9.730423
9.602397
9.439905
9.257657
9.102306
9.430505
10.048123
10.71893
11.402504
11.244621
11.495927
11.292433
10.991702
10.616133
11.050399
10.632654
10.306891
10.013199
9.772035
9.52699
9.252408
9.012703
8.765862
8.494027
8.250579
8.053107
7.854013
7.678418
7.539268
7.379177
6.225566
4.710274
3.193559
1.751329
0.360106
1.120655
2.293583
3.362187
4.398396
5.390856
5.273566
5.07995
4.991665
4.952896
4.953694
4.939081
4.945836
4.945541
4.930164
4.934416
4.966319
5.00437
5.059553
5.112214
5.140677
5.142514
5.131344
5.119518
5.142559
5.185957
5.260687
5.425514
7.185561
10.235518
13.7649
17.423391
21.047752
23.04558
23.658249
23.716133
23.531714
23.22
22.857732
22.482031
22.087058
21.681275
21.235758
20.760031
20.089209
17.113925
16.726408
16.259603
15.792997
14.779759
13.604521
9.821462
6.244567
2.769117
0.109733
0
0
0
0
0
0
0
0
0
0
0
0
0
0
0.007752
0.054228
0.153842
0.29022
0.475805
0.699462
0.911715
1.110676
1.30858
1.485777
1.633285
1.8404
2.055664
2.271737
2.470088
2.679223
2.821598
2.931944
3.003495
3.082279
3.149492
3.206699
3.261195
3.323647
3.379384
3.430727
3.475223
3.516826
3.541973
2.934696
2.695688
2.172195
1.726646
1.393382
1.767465
1.837694
2.250923
2.648267
2.996791
3.307996
3.581764
3.821408
4.02038
4.201743
4.352688
4.494311
4.623095
4.744753
4.847306
4.942982
5.017666
5.0864
5.142463
5.183785
5.204497
5.226054
5.252819
5.283286
5.323597
5.373642
5.551729
5.798143
6.027863
6.228946
6.406855
6.409123
6.311631
6.215161
6.154643
6.116555
6.120701
6.127262
6.109439
6.074378
6.03156
5.950442
5.884643
5.844948
5.810656
5.787207
5.789562
5.779023
5.778682
5.797904
5.813183
5.832766
5.865111
5.871932
5.864582
5.831581
5.802126
5.869597
6.229515
6.625618
7.018628
7.30494
7.367839
7.142596
6.776014
6.350807
6.014592
5.875187
5.879984
5.975808
6.129902
6.282318
6.354784
6.28803
6.21066
6.077084
5.923982
5.792716
5.66709
5.60707
5.643433
5.665661
5.653179
5.625376
5.558525
5.583967
5.672528
5.738438
5.784949
5.811088
5.75768
5.341959
5.301038
5.276181
5.311059
5.332884
5.610926
5.679608
5.694516
5.660976
5.646714
5.706526
5.797838
5.931367
6.102466
6.009612
5.326343
4.627032
3.976072
3.393418
3.142289
3.489628
3.972308
4.49105
4.954488
5.341735
5.650885
5.830671
5.928473
6.060162
6.124597
6.183732
6.209174
6.194714
6.117984
6.125314
6.171031
6.23659
6.359042
6.479515
6.594967
6.682062
6.75047
5.741576
4.391096
3.023321
1.665501
0.319766
1.300044
2.808587
4.252312
5.646623
7.007536
7.064315
6.887784
6.742917
6.617312
6.511641
6.413452
6.438482
6.535043
6.645659
6.754784
6.851442
6.830129
6.760953
6.673726
6.554428
6.472338
6.482902
6.541697
6.630679
6.239296
5.00989
3.663763
2.278934
0.898768
0.045499
0
0
0
0
0
1.266488
2.97885
4.649338
6.250357
7.830834
8.099145
7.547411
6.022527
4.685607
4.3778
4.216722
4.35484
5.509532
6.486768
6.456061
6.286972
6.274769
6.341488
6.340578
6.565313
7.051909
7.640397
8.237166
8.924295
9.35931
9.493211
9.447921
9.417204
9.488908
10.083682
10.946346
11.855204
12.744063
13.520384
13.883714
14.548123
15.479677
16.547009
17.662785
18.693006
18.93589
18.109707
16.666663
14.874938
13.038879
11.459422
10.584312
10.179827
9.990829
9.846943
9.689177
9.54437
9.413638
9.319239
9.281772
9.288944
9.326573
9.389971
9.451629
9.512499
9.701923
9.926409
10.632018
11.612199
12.400763
13.146081
13.529178
12.830273
11.732305
11.093263
10.704068
10.966356
12.16645
13.708547
15.226616
16.635819
17.93813
19.076887
19.975282
20.711069
21.612145
22.53903
23.44354
24.533069
26.683009
29.814359
32.825695
35.684402
38.360306
39.868314
37.754356
34.641398
31.569869
28.811671
25.983442
25.4338
25.856276
26.238218
26.308167
26.739214
27.395077
27.95298
28.177425
28.478493
28.574108
29.160297
30.969977
32.181668
31.977783
30.63186
27.744166
23.142798
19.025676
15.991624
13.800942
12.221658
11.034489
10.113932
9.383816
8.818461
8.373427
8.036393
7.804776
7.647086
7.523124
7.435387
6.320947
4.812887
3.998464
5.40169
8.375788
13.081772
18.646022
23.682013
26.616651
28.052314
28.828314
29.066879
29.146787
29.192728
29.094743
28.973629
29.0528
29.310714
29.376883
29.360927
29.244844
29.056681
28.860084
28.778812
28.844041
29.011299
29.053252
28.923914
29.024432
29.132026
28.884774
28.739087
28.65336
28.616885
28.615975
28.590949
28.520726
28.463767
28.194612
27.918926
28.011642
28.138046
28.579845
29.28902
29.745412
29.898703
30.290142
30.306317
29.840951
29.735489
30.097161
30.031653
29.936704
30.194959
30.436474
30.422649
30.508936
30.702989
30.565034
30.265508
30.152039
30.16649
30.176851
30.075707
29.87173
29.540993
29.11254
28.550085
28.284378
28.336092
28.659876
29.100694
29.643831
29.926404
25.176395
19.160238
13.073024
6.838609
0.943057
5.051073
10.825816
16.427037
22.524388
28.777904
28.512038
24.416864
19.9634
17.465842
16.562905
17.026378
20.413888
24.817346
25.987125
26.823054
27.782884
28.80572
29.101116
30.524805
30.861778
32.76862
34.737629
36.788408
38.544935
40.000394
35.853349
28.201667
25.314451
24.805581
23.567436
25.891606
31.205521
31.141889
27.504405
21.757414
16.066167
10.390859
5.248352
1.173402
0.000075
0.206431
0.837597
1.915316
3.28395
4.612586
5.742263
6.497292
6.854142
7.126151
7.64174
8.083667
8.369388
8.521092
8.415131
8.059119
7.693688
7.358424
7.084671
6.85488
6.652195
6.432887
5.175972
3.850878
2.556038
1.46353
1.129253
2.576561
4.588861
7.184171
9.979903
12.635304
14.942252
19.979463
25.384232
30.443849
34.927003
39.106881
40.000394
39.734413
38.993845
37.776879
36.182778
34.240967
32.197991
30.294175
28.571387
27.324294
26.505405
25.89387
25.437192
25.06082
24.405135
23.497141
22.566283
21.707399
20.883637
20.081849
19.308905
18.56496
18.123989
19.601148
22.626563
26.74019
31.100226
35.172501
37.330141
37.957077
37.664687
37.508192
37.541036
37.702922
37.906843
37.674006
36.715646
35.411534
33.926629
32.556464
31.859268
31.769452
31.926003
32.165702
31.91113
30.708411
29.038074
27.172468
25.373134
24.105878
23.479699
23.116587
22.887977
22.596268
22.110059
21.800746
22.942895
22.610007
22.244936
21.858798
21.19855
17.611961
14.233815
10.919174
7.863937
4.751899
3.069095
2.576039
3.723666
5.283821
6.578655
7.103323
8.816915
9.317921
9.208888
9.416766
10.613595
10.647277
10.317944
10.100091
9.956465
9.823978
9.674848
9.522636
9.337677
9.12403
8.912352
8.722098
8.545492
8.382333
8.235538
8.110493
7.996749
7.888952
7.768586
7.63467
7.47438
7.295149
7.106288
6.925902
6.741406
6.516712
5.71119
4.606513
3.433754
2.223146
1.101968
0.558297
0.334142
0.197807
0.111073
0.054785
0.020472
0.00204
0
0
0
0
0
0
0
0
0
0
0
0.016028
0.052844
0.052844
0.052844
0.053535
0.047228
0.032218
0.3306
1.028369
1.884662
2.865515
3.865182
4.640897
5.04524
5.27027
5.391023
5.440529
5.448398
5.445845
5.437889
5.427828
5.416582
5.389537
5.33116
5.246674
5.140296
5.026359
4.917362
4.8193
4.730439
4.647866
4.575368
4.514875
3.702748
2.788716
1.891149
1.002895
0.117673
0.931225
1.745837
2.529181
3.263433
3.983804
3.755904
3.636922
3.559598
3.499618
3.457716
3.420397
3.37264
3.31767
3.27178
3.208759
3.158449
3.119024
3.065224
2.971756
2.830845
2.619635
2.343293
1.995674
1.592084
1.147752
0.735744
0.393969
0.143292
0.015057
0
0
0
0
0
0
0
0
0
0
0
0
0
0
0
0
0
0
0
0
0
0
0
0
0
0
0
0
0
0
0
0
0
0
0
0
0
0
0
0
0
0.003351
0.029875
0.083911
0.179908
0.315198
0.479137
0.652402
0.839268
1.020366
1.30209
1.707333
2.203512
2.766375
3.371882
3.909327
4.349052
4.71252
5.012829
5.279543
5.520326
5.754603
5.987685
6.223371
6.432831
6.564753
6.624296
6.649784
6.649672
6.661071
6.742179
6.918227
7.129818
7.401384
7.65761
7.878611
8.013906
8.094994
7.867034
7.404477
6.916436
6.50545
6.209363
6.242308
6.585481
7.070363
7.559441
8.020803
8.433996
8.795186
9.092001
8.967581
8.175676
7.198679
6.119053
5.025235
4.406635
4.460837
4.597586
4.639951
4.570038
4.333767
4.01597
3.865711
4.036616
4.368314
4.787921
5.190565
5.296176
5.161247
4.919681
4.603827
4.447083
4.611355
4.885525
5.221349
5.501994
5.471028
5.235489
4.94347
4.66546
4.588008
4.841024
5.212091
5.632085
5.923382
5.872268
5.570473
5.197569
4.821802
4.684982
4.928806
5.355407
5.812599
6.16657
6.147867
5.853967
5.433861
4.994406
4.790281
4.928552
5.234787
5.584924
5.769364
5.675564
5.410967
5.075052
4.859579
5.02168
4.246476
4.381231
4.991591
4.459817
3.213737
3.076138
2.538652
2.060118
3.15805
5.094379
7.213323
9.140114
10.972633
13.591467
18.351914
23.723783
28.929962
33.738353
37.196591
38.073262
38.001497
37.213574
35.620399
33.45725
30.991824
28.48101
26.47217
25.045871
23.995197
23.088027
22.220216
21.203143
20.271589
19.408417
18.648688
17.906045
17.174571
16.433897
15.71842
14.882344
12.88098
11.114443
10.121805
9.701359
10.494851
13.248004
16.022865
19.653223
24.092007
27.74912
30.661229
33.256803
34.208093
33.639112
32.574668
31.363715
30.197522
24.252948
17.957108
11.971882
6.211315
0.606469
4.529796
8.80207
12.897397
16.860145
20.666673
19.813685
19.120025
18.476608
17.870272
17.326769
16.798692
16.329009
15.882784
15.441869
14.525814
13.219428
11.831878
10.454434
9.166568
8.417791
8.15356
7.980966
7.861653
7.738225
7.636898
7.558388
7.513932
7.466191
7.428953
7.39259
7.339223
7.294503
7.283953
7.203562
7.00106
6.834097
6.712571
6.628182
6.65691
6.87427
7.137092
7.381191
7.630092
7.880056
8.400411
9.241599
10.18623
11.189387
12.203204
12.950797
13.366447
13.679412
13.93552
14.142529
14.322899
14.449608
14.543809
14.577477
14.575437
14.55089
14.520656
14.496556
14.496338
14.502319
14.511348
14.544705
14.575056
14.591714
14.602599
14.610437
14.590686
14.566643
14.542858
14.5112
14.451587
14.389949
14.338362
14.296104
14.27878
14.301404
14.333698
14.351312
14.351674
14.327732
14.511231
15.201906
16.05372
17.021194
18.043552
18.887808
19.236749
19.45918
19.58713
18.713314
17.450026
17.584242
17.555092
17.529013
18.451806
19.734713
19.590624
19.558813
19.514464
19.467862
19.448971
19.583422
19.811427
20.087891
20.387845
20.687844
20.853912
20.953418
21.043296
21.128316
21.166668
21.02531
20.76348
20.414966
20.017179
19.599479
19.322425
19.123672
18.971383
18.851175
16.593661
12.827088
9.264884
5.861682
2.913957
2.18786
3.621932
5.314014
7.121843
8.834631
10.179247
11.188069
11.882997
12.322823
12.57037
12.7783
12.953442
13.0357
13.081982
13.127622
13.08131
12.991
12.908223
12.848447
12.803366
12.756362
12.714266
12.729282
12.739261
12.66916
12.623178
12.599195
12.526571
12.445986
12.41798
12.374923
12.331317
12.33765
12.369293
12.397543
12.416581
12.431541
12.433326
12.418789
12.417878
10.563873
10.123065
9.051125
9.203515
9.264476
11.300439
12.066496
13.528781
13.791838
14.172132
14.43588
14.55326
14.612339
14.626302
14.607563
14.603967
14.600935
14.569771
14.544293
14.538652
14.515239
14.482986
14.474425
14.457121
14.418179
14.412146
14.42115
14.414237
14.37294
14.351745
14.299843
14.248688
14.208607
14.224385
14.223012
14.226994
14.220545
14.198968
14.167223
14.167025
14.184319
14.204004
14.234441
14.250906
14.236684
14.207813
14.199466
14.190448
14.188373
14.201908
14.211242
14.195387
14.173607
14.125224
14.067875
14.013048
13.971446
13.970856
13.970805
13.947305
13.934167
13.922005
13.882595
13.853496
13.830902
13.791253
11.16932
8.388603
5.67199
2.934208
0.202093
2.878027
5.657889
8.399119
11.139877
13.885023
13.754788
13.706782
13.705047
13.712987
13.710892
13.698989
13.720363
13.743303
13.752102
13.791166
13.817478
13.820454
13.81403
13.815454
13.778689
12.970156
13.014846
12.992114
12.959439
12.949062
13.732662
13.659712
13.644137
13.637321
13.693252
13.762357
13.837962
13.919971
13.991074
13.980199
13.948673
13.909116
13.876008
14.112615
14.970538
16.102397
17.372048
18.605453
19.525121
19.772816
19.524988
18.938057
18.412758
17.824951
17.20273
16.685539
16.162727
15.421966
14.683997
13.959609
13.382576
13.06009
12.921601
12.927435
13.003767
13.027536
12.988386
12.948803
12.882888
12.821957
12.776011
12.755802
12.733117
12.689862
12.655909
12.607344
12.536983
12.410991
11.866595
9.306241
6.805864
4.339049
1.934888
0
0
0
0
0
0.103766
0.949294
3.74597
6.502236
9.259168
11.92734
13.931029
13.775276
13.755876
13.729651
13.557067
13.555953
14.118307
14.748656
14.751469
14.462004
13.907692
12.797349
11.696425
11.364081
11.512433
11.794538
12.181628
12.581113
12.898467
13.266859
13.715271
14.168775
14.653463
15.273457
16.046029
16.782655
17.360349
17.882495
18.297931
18.63175
19.016215
19.526718
20.111986
20.671812
21.14797
21.596036
22.200308
22.80405
23.344878
23.865894
24.292897
24.540506
24.718089
25.131751
25.616805
26.064973
26.508675
26.921945
26.990337
26.91283
26.851441
26.721406
26.565435
26.433136
26.230649
25.976138
25.691052
25.349502
24.969421
24.611823
24.246076
23.87772
23.545549
23.271455
23.008337
22.614345
22.059403
21.410961
20.703185
20.058141
19.627948
19.422059
19.36682
19.38449
19.366947
19.35919
19.428096
19.564597
19.768182
20.03043
20.360597
20.736028
21.161912
21.572217
21.83156
21.947679
21.95688
21.922841
21.967195
22.19809
22.476014
22.667504
22.725515
22.637947
22.411915
22.179458
21.981076
21.759881
21.528514
21.319409
21.10733
20.904868
20.728714
20.554421
20.37403
20.11546
18.896541
18.787431
18.669421
18.548699
18.494411
19.424251
19.266932
19.194374
19.173611
19.190813
19.192425
19.188071
19.150823
19.136459
19.099058
19.069521
19.044267
19.021251
18.945493
18.895229
18.894028
18.931404
18.941002
18.940666
18.930783
18.873637
18.799029
18.761638
18.759293
18.767808
18.775061
18.769125
18.766541
18.747111
18.722584
18.71883
18.72089
18.721074
18.734227
18.746775
15.041497
11.295538
7.608581
3.855069
0.103811
4.112956
7.905278
11.753554
15.477398
19.262924
18.931867
18.9141
18.887584
18.887757
18.939634
19.138784
19.293351
19.364638
19.36272
19.29328
19.07505
18.913922
18.859105
18.840885
18.865905
18.870478
18.865244
18.83354
18.802381
18.75144
18.734192
18.720016
18.72116
18.75442
18.81765
18.887828
18.953443
19.017416
19.079882
19.120951
19.181566
19.257634
19.350604
19.417394
19.469037
19.487944
19.494831
19.486692
19.488432
19.492399
19.523483
19.570243
19.617796
19.64717
19.677562
19.733991
19.769525
19.77455
19.973263
20.661049
21.337634
21.877653
22.338237
22.52136
22.137749
21.55683
21.013194
20.614457
20.28017
19.986513
19.80304
19.728503
19.652516
19.630527
19.653142
19.70835
19.750802
19.764413
19.763706
19.755878
19.744622
19.763457
19.857007
19.905262
19.917846
19.899687
19.893517
19.752526
19.620034
19.489536
19.384877
19.243219
19.142476
19.067792
19.029165
18.973235
18.942111
18.930163
18.916663
18.895056
18.888952
18.836404
18.754954
18.643759
18.532127
18.446842
18.384487
18.358714
18.358073
18.352407
18.326003
18.290673
18.232728
18.180353
18.138959
18.112509
18.105424
18.12843
18.14817
18.158237
18.14404
18.148135
18.131645
18.118817
18.113476
18.111695
18.082693
18.047891
18.023262
17.994682
17.975043
17.961162
17.953212
17.953247
17.985033
18.111706
18.244213
18.351634
18.341873
18.275093
15.042913
14.801988
14.149883
14.528
14.916133
18.276995
18.722162
19.500212
19.328158
19.159887
19.039511
18.922864
18.827381
18.723556
18.611608
18.447987
18.270846
18.078959
17.880007
17.694886
17.509647
17.331824
17.149572
16.962385
16.783367
16.619222
16.463963
16.324238
16.170184
16.037453
15.886238
15.732357
15.639738
15.569331
15.480893
15.396712
15.326203
15.17863
15.038905
14.913107
14.825904
14.735228
14.665717
14.593962
14.485687
14.355377
14.233134
14.109517
13.984065
13.88464
13.809244
13.743109
13.734193
13.747575
13.773796
13.798394
13.808938
13.759671
13.719284
13.668252
13.605953
13.550923
13.522164
13.463771
13.408471
13.346193
13.317897
13.265867
13.210288
13.127907
13.059205
12.997684
12.956321
12.929749
12.913167
12.907531
12.863651
12.813773
12.763691
12.739338
12.705151
12.688788
12.657512
12.619073
12.575742
12.524877
12.478204
12.455712
12.437339
12.434506
12.453214
12.461942
12.460584
12.465371
12.459933
12.476139
12.473682
12.494262
12.502934
12.472675
9.963919
7.469037
4.957979
2.464505
0.101371
2.872461
5.397842
7.862033
10.312989
12.653463
12.312996
12.207304
12.132009
12.079247
12.011608
11.948734
11.90082
11.891674
11.865901
11.842778
11.841435
11.815749
11.774599
11.738999
11.727031
11.706715
11.696461
11.665917
11.633842
11.616695
11.58758
11.569991
11.58345
11.610668
11.614686
11.594488
11.591095
11.5752
11.546619
11.529635
11.53552
11.543262
11.537006
11.534742
11.53374
11.532936
11.521548
11.528455
11.53638
11.546833
11.569218
11.587946
11.607763
11.629844
11.642997
11.649971
11.667895
11.686761
11.695784
11.706293
11.700454
11.673908
11.65907
11.682229
11.715255
11.736705
11.730164
11.713241
11.650515
11.574722
11.510963
11.5005
11.732778
12.719465
14.231242
16.098435
18.093908
19.920486
20.950188
21.421301
21.536215
21.835069
22.700576
23.96157
25.360255
26.567561
27.203124
26.910012
26.088249
25.000871
23.982725
23.077813
21.345605
20.554874
19.960562
19.422883
18.88999
18.752986
16.855188
16.002916
15.029643
14.050779
13.634386
14.238235
13.642133
13.219448
12.853666
12.54828
12.286383
12.031857
11.789635
11.550668
11.28459
11.015501
10.743513
10.444729
10.130518
9.885829
9.682966
9.515693
9.353826
9.301253
9.770362
10.996122
12.896916
15.297241
18.012403
20.369335
21.486713
21.218321
20.078019
18.550357
16.61351
14.537563
11.509106
8.589927
5.703367
3.018226
0.923312
0.530561
0.471899
0.429493
0.49877
0.557422
0.654675
0.773999
0.977559
1.134476
1.346825
1.302746
1.116004
0.920877
0.940811
1.17784
1.810905
2.657297
3.49413
4.145593
4.680628
5.259823
6.158961
7.214426
8.250238
9.205393
10.006256
10.395604
10.654973
11.001691
11.372642
11.736369
12.113388
12.520452
12.893244
13.214194
13.557779
13.851207
14.077809
14.298317
14.567624
14.805676
15.026738
15.267043
15.480054
15.622342
15.750058
15.893547
16.050571
16.217961
16.476272
16.720966
16.939511
17.086154
17.202522
17.371524
17.642851
17.900068
18.101528
18.202748
18.013964
17.676315
17.404759
17.24393
18.255678
20.508984
23.269227
26.186357
29.276833
31.274951
32.032355
32.181495
31.800097
31.06571
30.020559
28.813767
27.370499
25.961693
24.287841
22.696136
21.128967
19.747974
18.378373
17.275995
16.215011
15.212913
14.265443
13.520577
12.910248
12.494984
12.264384
12.078963
11.883159
11.630342
11.316731
11.002851
10.760965
10.525935
10.242573
9.980132
9.757549
9.333943
7.345647
5.447966
3.606418
1.717735
0.187744
1.864266
3.280453
4.640053
5.971067
7.124803
6.737195
6.581554
6.278101
5.412737
4.363411
3.30738
2.327144
1.582644
1.510828
1.544588
1.904028
2.182888
2.461381
2.735974
3.159543
3.312721
3.530264
3.739607
3.905167
4.02806
4.141438
4.26132
4.39454
4.555267
4.728252
4.864188
4.993485
5.09729
5.206486
5.300428
5.427371
5.567731
5.669237
5.727828
5.78359
5.826067
5.822716
5.812578
5.619456
5.482635
5.395372
5.370921
5.43643
5.725478
6.028356
6.30538
6.567231
6.76871
6.968272
7.093359
7.166858
7.232107
7.290266
7.264294
7.235001
7.247829
7.240673
7.26229
7.348755
7.478114
7.564965
7.646124
7.703581
7.754379
7.827151
7.950986
8.111261
8.189892
8.22739
8.190391
8.086413
7.94857
7.884369
7.850188
7.850035
7.914918
7.968357
7.837314
7.385062
6.963054
6.566274
6.257801
6.206194
6.542688
6.891065
7.219869
7.503765
7.955183
8.97604
9.98471
10.859464
11.563949
11.826395
11.313852
10.707425
10.07973
9.528796
8.887296
7.920142
7.068481
6.331361
5.722599
5.431755
6.773339
9.270805
12.092681
14.871744
17.414052
19.125895
19.149852
18.830844
18.312514
17.816839
17.222598
16.583021
15.968404
15.398401
14.811708
13.814727
12.527609
11.234936
9.934522
8.696758
7.914644
7.552356
7.224945
6.930577
6.750404
6.694016
6.633706
6.580628
6.568711
6.492297
6.359388
6.226855
6.097323
5.987069
5.928153
5.916255
5.871332
5.847848
5.755437
5.680045
5.556068
5.41557
5.304146
5.267676
5.245545
5.227127
5.229614
5.222569
5.193388
5.127081
5.151939
5.211913
5.272254
5.303068
5.336679
5.279426
5.183699
5.055734
4.946192
4.86548
4.811655
4.759335
4.728054
4.708074
4.690007
4.655663
4.617998
4.581762
4.549728
4.5128
4.524545
4.654478
4.823761
5.015098
5.22321
5.879511
7.069549
8.482715
9.914161
11.36312
12.300015
12.572196
12.63329
12.61681
12.480895
11.609767
10.365401
8.941335
7.456944
6.003626
5.219111
4.763216
4.422007
4.155588
4.006926
3.989063
3.973859
4.046641
4.130924
4.163716
4.135497
4.111275
4.091463
4.164428
4.279398
4.313965
4.347297
3.867536
3.932286
3.766391
3.673258
3.602384
4.011123
3.774953
3.719521
3.667629
3.629999
3.579211
3.561261
3.597955
3.614831
3.60445
3.607156
3.569526
3.482166
3.402691
3.283632
2.584335
1.898151
1.25409
0.607733
0.130911
1.080981
1.727923
2.308024
2.897545
3.369679
3.016806
2.985733
3.036262
3.070952
3.094726
3.078444
3.047259
3.002071
2.978271
2.96701
2.989696
2.964675
2.893521
2.8002
2.704442
2.577759
2.558089
2.589213
2.652189
2.710134
2.778633
2.733419
2.69431
2.694671
2.708765
2.727946
2.78551
2.846161
2.86084
2.875764
2.988159
3.08908
3.077356
3.13351
3.260148
3.289278
3.33939
3.48617
3.558611
3.54298
3.509969
3.499003
3.494567
3.010126
2.3038
1.6152
0.918054
0.222155
0
0.537474
2.051992
3.979023
6.122774
6.917923
6.399538
4.957594
3.216845
1.647652
2.019007
3.553474
5.283098
7.072092
8.576738
9.576008
10.269079
10.719668
10.979667
11.100364
11.126935
11.077663
10.949214
10.779983
10.539053
10.265788
10.007904
9.785209
9.59404
9.471858
9.39729
9.315647
9.249966
9.16457
9.038054
8.877693
8.746417
8.559286
8.370161
8.08708
7.498108
6.793227
6.04564
5.286048
4.637113
4.300181
4.081107
3.962013
3.892623
3.856428
3.911311
4.006794
4.144133
4.266097
4.382876
4.442373
4.461823
4.430364
4.458522
4.469784
4.280598
3.687547
3.001812
2.284239
1.627115
1.222395
1.311439
1.56625
1.847709
2.148716
2.486045
3.082935
3.821672
4.584438
5.291496
5.936474
6.254357
6.381646
6.450354
6.179098
5.511195
4.861553
4.269866
3.788244
3.732359
4.111087
4.542245
5.001843
5.400326
5.891352
5.952389
6.447423
6.587059
6.98601
7.200725
7.598761
7.398889
7.445458
7.270805
7.37203
7.892716
8.379948
8.820054
9.448185
10.409536
11.22695
12.198337
13.29748
14.223271
14.632929
14.769979
14.758163
14.630829
14.463052
14.261516
14.047386
13.803923
13.540897
13.271376
13.025537
12.871601
12.810889
12.793936
12.798223
12.799963
12.703366
12.538677
12.3397
12.121307
11.890189
11.609376
10.561031
8.854921
6.861762
4.719102
2.561871
1.187367
0.515451
0.176311
0.030385
0.426563
1.518819
2.879875
4.34535
5.827048
6.948918
7.415927
7.605367
7.678317
7.550702
7.152875
6.767434
6.491076
6.327323
6.405812
6.78194
7.145652
7.406735
7.569716
7.680916
7.684425
7.547747
7.338419
7.073409
6.738309
6.423706
6.203366
6.024694
5.866947
5.663728
5.163928
4.525852
3.786972
2.989319
2.192932
1.668778
1.28387
0.988657
0.751781
0.573012
0.502163
0.501562
0.390717
0.31089
0.251825
0.140609
0.084889
0.270982
0.270982
0.270982
0.270982
0.186093
0
0
0
0
0
0
0
0
0
0
0
0
0
0
0
0
0
0
0
0
0
0
0
0
0
0
0
0
0
0.004942
0.039871
0.107928
0.210562
0.351328
0.525169
0.701664
0.878897
1.065651
1.687389
2.640124
3.668509
4.573151
5.506455
5.996286
5.969226
5.787649
5.559969
5.194004
4.509499
3.960075
3.521317
3.198118
3.056059
3.306007
3.556144
3.718733
3.784205
3.814831
3.763585
3.576342
3.308296
3.014599
2.663262
2.3078
2.039286
1.854266
1.753071
1.458798
1.101365
0.791543
0.505852
0.163645
0
0
0
0
0
0
0.014891
0.494726
1.435296
2.677777
4.157766
5.829908
7.176924
8.309556
9.568277
10.947846
12.089141
14.358561
17.12037
19.477486
21.226866
22.330719
22.968622
21.146378
18.651949
16.239029
14.382691
12.877409
11.6002
10.478102
9.462458
8.677317
8.061408
7.57939
7.192555
6.91429
6.693441
6.565298
6.547953
6.754982
7.040988
7.390759
7.759288
8.033641
8.09827
7.065721
5.53676
3.980683
2.52663
1.026116
0.083117
0.20368
0.449112
0.801399
1.230214
1.934759
4.266234
7.363582
10.430426
13.273156
15.703934
16.430209
15.979823
15.301168
14.602909
12.707849
10.173237
8.023493
6.029265
5.122879
5.054837
6.867074
9.562346
11.949772
13.704371
14.139385
14.037631
13.802285
13.449834
13.122099
12.825797
12.613875
12.550645
12.997475
13.531248
13.961776
14.895024
15.422973
15.542012
15.41309
14.654562
13.427825
11.820647
10.412964
9.243074
8.414536
7.823504
7.363897
7.107494
6.822149
6.47894
6.108793
5.750879
6.941701
10.619597
13.475328
16.339111
19.23948
20.526685
19.369958
19.013107
18.587315
17.910358
17.093198
16.105301
15.149693
14.267004
13.654452
13.481828
13.684849
14.141588
14.583967
14.971031
14.950126
14.317076
13.363009
12.321831
11.225033
10.208992
9.545566
9.043283
8.611376
8.253463
7.947421
7.562645
7.096777
6.616778
6.14863
5.670234
5.284166
5.006385
4.756563
4.531126
4.187684
3.686373
3.14261
2.560805
1.982429
1.545625
1.26445
1.108998
0.989105
0.833694
0.698192
0.532309
0.376925
0.234959
0.082101
0.000312
0
0
0
0.024206
0.047998
0.047998
0.082473
0.247982
0.57439
0.98401
1.410726
1.98593
2.815581
3.678285
4.603756
5.829938
7.348231
8.91279
10.562542
11.787264
12.820934
13.64139
14.259146
13.543812
11.296965
11.901364
12.433585
12.881636
13.484885
15.936085
18.348028
18.471684
18.571989
18.415438
18.340464
18.356766
18.345805
18.357392
18.71676
18.925061
19.001821
20.442102
22.677122
25.125474
28.105548
31.281014
35.130929
38.848779
39.813975
39.999651
40.000394
40.000394
40.000394
40.000394
40.000394
40.000394
40.000394
40.000394
40.000394
40.000394
39.958797
39.957642
39.946142
39.797724
39.591392
39.331326
38.926973
38.471522
37.9537
37.289388
36.678662
35.966624
35.071326
34.07729
33.075756
31.988846
30.905288
30.070961
29.415922
28.887785
28.383874
27.757497
26.489911
24.884686
23.142767
21.400594
19.454536
17.865353
16.684944
15.711447
14.939577
14.350722
13.983328
13.546726
13.121931
12.686525
12.284669
11.902452
11.560907
11.136717
10.73716
10.452659
10.250808
10.227039
10.468804
10.806499
11.109779
11.393812
11.605713
11.644905
11.562774
11.321645
11.065674
10.777923
10.425085
10.020773
9.670596
9.370408
9.091757
8.804891
8.546026
8.33568
8.115666
8.039603
7.811551
7.853596
8.225925
8.561021
8.794072
9.333043
9.6385
9.719624
10.010091
10.417908
10.793065
11.226981
11.621232
11.855301
11.931186
11.943083
11.986847
12.006023
12.141994
12.438769
12.81066
13.200318
13.626477
13.991985
14.200774
14.318774
14.351251
14.335356
14.492075
13.886308
12.38856
10.23741
7.77353
5.015876
2.808226
1.679383
1.123459
1.031953
0.795739
0.571444
0.379107
0.223428
0.064668
0
0
0
0.013138
0.094182
0.219754
0.401926
0.609237
0.850138
1.036918
1.142421
1.15235
1.141536
1.117157
1.14852
1.276892
1.471713
1.695324
2.083238
2.473145
2.769009
2.959904
2.830611
2.265725
1.586072
0.930027
0.314361
0.022337
0.002864
0.001391
0
0
0
0
0
0
0
0
0
0
0
0
0.001383
0.035111
0.095643
0.177084
0.279287
0.40052
0.514071
0.62613
0.748373
0.875748
1.01703
1.163515
1.315605
1.471016
1.637929
1.794591
1.958813
2.13192
2.403624
2.807092
3.267091
3.711021
4.13923
4.428822
4.511737
4.544244
4.661269
4.881736
5.184167
5.257923
4.366554
3.372063
2.3539
1.152639
0.381274
1.814373
2.420277
2.777912
3.167947
3.324669
2.368085
2.171595
2.406213
2.685032
3.007747
3.342874
3.671581
3.989129
4.34011
4.71547
5.105677
5.529939
5.99946
6.445837
6.868649
7.284538
7.695733
8.119689
8.544688
8.951691
9.317926
9.672808
9.977467
10.27415
10.502776
10.684958
10.850542
10.960944
11.002332
11.023807
11.027683
10.986371
10.936391
10.874118
10.803152
10.7263
10.632893
10.521062
10.397802
10.268601
10.15649
10.06999
10.006877
9.96115
9.932472
9.901038
9.868093
9.830651
9.793007
9.759395
9.711023
9.669039
9.644217
9.639284
9.653271
9.704055
9.783942
9.865336
9.946053
10.013408
10.066266
10.110376
10.150966
10.187009
10.222019
10.272919
10.322171
10.357858
10.392476
10.431494
10.472766
10.518178
10.582735
10.654841
10.716595
10.754052
10.783045
10.801712
10.80717
10.816148
10.853248
10.910735
10.94216
10.958574
10.954886
10.906778
10.817918
10.746133
10.690166
10.645655
10.608559
10.57038
10.530192
10.476677
10.420726
10.378585
10.353504
10.336647
10.323565
10.317242
10.317151
10.349496
10.638864
10.970532
11.595413
14.946983
19.972968
25.288002
30.645583
35.867484
38.726613
39.613803
39.934769
40.000313
39.90308
39.64127
39.198616
38.54053
37.689586
36.764069
35.759147
34.754002
33.744315
32.618376
31.470938
30.262431
28.97543
27.693988
26.372028
25.072763
23.823452
22.529259
21.255834
20.0231
18.859334
17.782134
16.931347
16.249162
15.695618
15.27777
14.988859
14.776673
14.551124
14.40968
14.375961
14.418856
14.599974
14.944058
15.362984
15.77927
16.22228
16.6147
17.05095
17.301443
17.324963
17.065136
16.519283
15.583365
14.433332
13.264855
12.238123
11.528216
11.142591
11.06277
11.252449
11.591278
11.901013
12.08795
12.106185
12.021842
12.159847
12.578488
13.206193
14.134039
15.218131
16.073084
15.456213
12.514399
9.407234
6.284823
3.07204
0.538377
0.154944
0.117001
0.117001
0.117001
0.068496
0
0
0.007753
0.057911
0.169678
0.32242
0.584423
0.932249
1.321083
1.721041
2.152266
2.545755
2.927509
3.316684
3.701927
4.116499
4.519428
4.885378
5.310204
5.56768
5.763769
5.930203
6.104872
6.171092
6.341453
6.504728
6.668568
6.854875
7.059071
6.894198
7.215454
7.538261
7.865956
8.183819
8.893583
9.186401
9.490784
9.782859
10.062726
10.32739
10.578686
10.809337
10.488681
8.495599
6.454031
4.332719
2.136681
0.880601
3.242198
5.581592
7.944059
10.290839
12.159725
11.447367
11.536909
9.301848
7.681155
7.862238
8.673625
8.696936
10.745944
12.957302
12.915843
12.957058
12.910426
12.726947
12.525488
12.337985
12.136857
12.013775
12.036069
12.086572
12.144405
12.201902
12.339135
12.612558
12.901845
13.174164
13.433125
13.59697
13.60636
13.582601
13.543339
13.50105
13.395974
13.19277
12.974327
12.758793
12.539648
12.362075
12.273148
12.213683
12.166267
12.12527
12.089654
12.055987
12.017991
11.982386
11.939095
11.893678
11.290272
11.275109
11.220526
11.174753
11.163527
11.787381
11.8088
11.863561
11.878566
11.871588
11.799274
11.726781
11.683241
11.689335
11.827427
12.344598
12.964937
13.589285
14.194349
14.726617
14.798524
14.688824
14.499934
14.26792
14.023851
13.782407
13.533354
13.470994
13.722143
14.025723
14.310941
14.573077
14.673245
14.346658
13.867636
13.361335
12.85596
12.853457
13.839574
15.119235
16.49088
17.917235
18.965513
18.994145
18.719553
18.333129
17.887322
17.432653
16.981291
16.536943
16.094721
15.673242
15.263442
14.89035
14.516073
14.16262
13.80815
13.476976
13.167149
12.867318
12.578158
12.311892
12.078449
11.832753
11.619147
11.432133
11.244677
11.05159
10.881671
10.71922
10.556637
10.331434
9.876241
9.356792
8.846111
8.362537
7.951795
7.84149
7.827782
7.85177
7.892558
7.953235
8.079877
8.226962
8.383412
8.558498
8.759982
8.919011
9.056258
9.194
9.315037
9.401537
9.512076
9.597615
9.653276
9.692066
9.71117
9.680036
9.671186
9.680021
9.703032
9.748566
9.809105
9.866775
9.922136
9.962004
9.99001
10.008998
10.014074
10.005936
10.008896
9.846353
9.4767
9.097418
8.73514
8.37775
8.183234
8.211321
8.259353
8.313961
8.367974
8.535522
8.887836
9.28197
9.68817
10.092711
10.375838
10.451377
10.474836
10.473519
10.4595
10.61331
11.342408
12.287396
13.312129
14.371089
15.265278
15.538085
15.554438
15.443065
15.224317
14.936545
14.618769
14.285051
13.935255
13.624
13.33309
13.078208
12.839073
12.601611
12.368906
12.154746
11.977157
11.823434
11.685428
11.557346
11.427799
11.245913
11.052139
10.86837
10.681926
10.514688
10.393112
10.221195
10.02148
9.785662
9.519304
9.240307
9.106798
8.982922
8.781376
8.667027
8.520461
8.314139
8.206108
8.218147
8.169587
8.149531
8.172491
8.224968
8.27947
8.328188
7.81476
6.201868
4.517754
2.816827
1.143046
0.642606
2.334321
3.975564
5.176207
6.874088
7.96033
7.867065
7.888947
8.346224
8.290223
8.270446
8.235538
8.188031
8.136963
8.089206
8.037787
7.986139
7.941561
7.902121
7.866088
7.832055
7.806745
7.786943
7.782309
7.633276
7.232148
6.857922
6.505634
6.152552
5.937044
5.953565
5.906535
5.805813
5.668158
5.555651
5.615809
5.752568
5.92738
6.171184
6.402099
6.490557
6.544652
6.645562
6.792952
7.113679
8.093107
9.461547
10.87397
12.234746
13.501899
14.183154
14.45973
14.598692
14.730839
14.794307
14.809145
14.797517
14.774419
14.717919
14.5871
14.430854
14.259985
14.089919
13.924655
13.786151
13.620709
13.465256
13.240755
12.951662
12.651942
12.36209
12.048515
11.797936
11.635769
11.513308
11.477926
11.485861
11.510973
11.53637
11.568898
11.538715
11.462519
11.377398
11.275063
11.166208
11.094514
11.053909
11.049011
11.027073
10.968685
10.868075
10.740868
10.572176
10.41214
10.311566
10.253341
10.176658
10.089496
10.012202
9.90587
9.771552
9.618536
9.438918
9.241329
9.073654
8.958446
8.973008
9.11344
9.33788
9.585774
9.827549
10.017589
10.156159
10.261042
10.322242
10.383036
10.417166
10.428081
10.4233
10.431164
10.421235
10.386606
10.351795
10.335869
10.147756
9.531166
8.811808
8.049043
7.225261
6.525186
6.239347
6.133946
6.132115
6.177196
6.340975
6.833334
7.514085
8.303997
9.093237
9.896017
10.369572
10.602013
10.749342
10.853136
10.935354
10.986646
11.01516
11.04164
11.059301
11.059779
11.060547
11.062861
11.056727
11.033787
11.054331
11.530958
12.465559
13.708262
15.066357
16.500829
17.677902
18.220871
18.46143
18.553256
18.546613
18.508683
18.467783
18.414426
18.36579
18.310072
18.233028
18.110358
17.992566
17.83927
17.63893
17.196123
16.606124
15.902708
15.17922
14.488331
13.887
13.499448
13.21219
12.972211
12.797974
12.715192
12.695706
12.778849
12.952155
13.194916
13.455348
13.701695
13.867316
13.91289
13.908043
13.870393
13.808928
13.71137
13.573552
13.402011
13.247342
12.887579
10.479265
10.12072
10.508644
10.91407
11.305601
14.188353
15.068839
15.094536
15.09536
14.934841
14.710254
14.4559
14.146552
13.762346
13.435485
13.150155
12.875187
12.594821
12.423936
12.332299
12.230132
12.132462
12.118988
12.112065
12.092971
12.099858
12.133495
12.172355
12.187655
12.194542
12.215636
12.215275
12.195046
11.331355
8.899427
6.44697
4.007957
1.576691
1.126101
3.883766
6.428837
8.968648
11.518587
12.905461
12.658758
12.644658
12.643178
12.618046
12.61037
12.609821
12.620045
12.630955
12.650599
12.665818
12.677583
12.697298
12.768676
12.868152
12.981641
13.075008
13.100054
13.025883
12.814754
12.169247
11.335083
10.422842
9.481319
8.607791
8.183173
7.96324
7.812548
7.718403
7.685214
7.973926
8.486646
9.115521
9.860097
10.637186
11.113883
11.383242
11.542819
11.616583
11.61375
11.768043
12.097686
12.517207
12.958839
13.39459
13.614753
13.609981
13.533308
13.48104
13.438685
13.433995
13.443807
13.39664
13.338675
13.320516
13.322764
13.374194
13.479992
13.548446
13.606996
13.69283
13.756822
13.834055
13.893475
13.879986
13.766924
13.6255
13.458481
13.225644
12.97807
12.770309
12.574389
12.36505
12.247126
12.165504
12.101262
12.031521
11.998973
11.976918
11.961348
11.9679
12.030728
12.126124
12.272869
12.461846
12.643381
12.803203
12.924576
12.988518
13.007185
13.025497
13.030725
13.041997
13.032129
13.023203
12.996387
12.965303
12.92654
12.902511
12.874932
12.841784
12.799393
12.745965
12.674261
12.610345
12.572649
12.574002
12.598188
12.623799
12.651164
12.685416
12.725329
12.796464
12.902531
13.01892
13.149225
13.280954
13.365542
13.415196
13.469209
13.503685
13.508603
13.514961
13.532713
11.689897
10.417235
8.654009
8.887178
8.892091
10.521118
11.91322
13.594478
13.273945
13.172266
13.106422
13.059464
12.999423
12.918854
12.837084
12.660782
12.124624
11.429636
10.682272
9.854451
9.067881
8.579723
8.242547
7.964262
7.752085
7.604553
7.701928
8.063794
8.584347
9.218598
9.908683
10.432827
10.753879
10.957928
11.080109
11.138599
11.175689
11.192612
11.160328
11.080537
10.98251
10.86661
10.76743
10.684785
10.630141
10.617984
10.627364
10.63771
10.678747
10.738615
10.753416
10.737323
10.718844
10.700644
10.709057
10.764856
10.831941
10.884098
10.910649
10.916453
10.940644
11.00839
11.098594
11.185735
11.280602
11.356482
11.407036
11.427489
11.443344
11.478842
11.543496
11.623374
11.733043
11.863541
11.993469
12.096521
12.192971
12.286724
12.364593
12.428591
12.505121
12.581093
12.652695
12.756113
12.875121
12.968813
13.055903
13.139901
13.193004
13.227027
13.258172
13.289168
13.301071
13.289402
13.284123
13.321884
13.371086
13.443995
13.558079
13.674524
13.766161
13.868959
13.97493
14.073215
14.171465
14.16176
12.809592
9.970691
7.154205
4.279618
1.501063
1.000493
2.886806
4.61399
6.343656
8.068266
8.796585
8.646051
8.658335
8.67424
8.711341
8.75691
8.803228
8.867546
8.945247
9.038878
9.367504
10.015788
10.84954
11.817936
12.838508
13.678689
14.248602
14.617477
14.871861
15.071784
15.218604
15.314469
15.397948
15.471727
15.520033
15.564153
15.610521
15.645399
15.663436
15.674219
15.70132
15.761558
15.806406
15.762901
15.661864
15.497602
15.288152
15.105965
15.009337
14.939251
14.911927
14.891606
14.332844
14.357223
14.36615
14.368479
14.360575
14.869851
14.809414
14.792288
14.79655
14.818794
14.852802
14.883946
14.882507
14.864958
14.836754
14.800396
14.777746
14.76502
14.735381
14.689679
14.638382
14.581149
14.518153
14.466277
14.432655
14.409751
14.39028
14.393779
14.405249
14.400692
14.389797
14.377365
14.34909
14.320372
14.311816
14.288846
14.247778
14.237483
14.224273
14.179823
14.142254
12.788211
10.235323
8.230287
6.274722
3.913379
2.801578
2.840627
2.297307
1.713981
1.525838
1.412481
1.327293
1.285249
1.258972
1.25088
1.248194
1.248031
1.244898
1.243189
1.763935
2.806578
3.543621
4.303141
5.112315
5.503352
5.323754
5.455148
5.562818
5.608749
5.561292
5.573805
4.768562
3.989622
3.166404
2.349107
1.933635
4.167826
6.33568
8.66484
10.937292
13.191254
13.344051
13.22747
13.318349
13.319463
13.342439
13.366895
13.388878
13.39984
13.383039
13.34396
13.314748
13.295471
13.286686
13.298146
13.332983
13.369311
13.402561
13.414682
13.408253
13.379082
13.329433
13.281295
13.252643
13.250181
13.255862
13.254189
13.257566
13.260496
13.260939
13.250338
13.269138
13.295715
13.332907
13.361844
13.363492
13.330333
13.28664
13.241752
13.190979
13.161956
13.156758
13.156554
13.138599
13.129901
13.108436
13.111941
13.117968
13.133304
13.169535
13.195476
13.242887
13.310374
13.408125
13.481314
13.561218
13.6343
13.66404
13.664239
13.659742
13.624102
13.580155
13.568873
13.599147
13.644747
13.729686
13.842422
13.93876
13.989182
13.972392
13.918348
13.859045
13.804803
13.754467
13.729188
13.717667
13.691436
13.650454
13.609178
13.556874
13.527515
13.507784
13.508151
13.520831
13.552881
13.598837
13.641202
13.691792
13.750073
13.82083
13.892397
13.941374
13.953887
13.907499
13.791904
13.648822
13.488405
13.351203
13.261747
13.218762
13.214982
13.211335
13.194626
13.173925
13.180812
13.181473
13.188156
12.120758
9.650291
7.237107
4.718949
2.248059
0.803037
1.152736
3.316297
5.876347
8.363132
10.362746
12.194914
12.367467
12.230768
12.151063
12.10263
12.081419
12.044319
12.004502
11.95262
11.857483
11.723791
11.576517
11.451263
11.350938
11.31136
11.297555
11.290648
11.261686
11.220099
11.155486
11.099453
11.044057
10.991569
10.931768
10.852445
10.722333
10.56069
10.312095
10.00796
9.711257
9.477575
9.297448
9.197118
9.162545
9.155032
9.13899
9.101228
9.076426
9.039707
8.974606
8.887266
8.808151
8.71513
8.637053
8.570944
8.523055
8.467786
8.427623
8.395533
8.3898
8.382257
8.390853
8.387415
8.397104
8.407038
8.416499
8.43421
8.477313
8.555176
8.644459
8.760634
8.878283
8.991721
9.098568
9.184102
9.243791
9.273328
9.291909
9.296477
9.280281
9.260999
9.247713
9.241416
9.216355
9.198613
9.185449
9.185338
9.167189
9.141238
8.590731
8.544668
8.457735
8.379017
8.311194
8.751035
8.68367
8.639072
8.584286
8.526728
8.478559
8.439408
8.428269
8.43685
8.444724
8.484139
8.527653
8.56539
8.584759
8.528605
8.545898
8.550568
8.540029
8.543426
8.613701
8.610603
8.600624
8.601961
8.608065
8.597328
8.577414
8.569713
8.565247
8.553004
8.565476
8.593447
8.61248
8.645201
8.662282
8.670883
8.674052
8.694627
8.70544
8.758894
8.818436
8.868558
8.901076
8.918807
8.914972
8.934931
8.990974
9.056553
9.121731
9.182565
9.226355
9.2464
9.258649
9.319778
9.408165
9.495937
9.598134
9.712559
9.809746
9.874827
9.941165
9.987014
10.01969
10.024669
10.004873
9.954588
9.917223
9.883256
9.861119
9.847254
9.871953
9.878922
9.888032
9.887574
9.908612
9.92325
9.938683
9.961862
9.987096
10.026826
10.059857
10.115554
10.157573
10.218626
10.275483
10.339124
10.395726
10.447252
10.495523
10.530935
10.566703
10.597282
10.661697
10.734703
10.819408
10.886921
10.960705
11.009046
11.043248
11.05689
11.085343
11.116066
11.129133
11.140903
11.176798
11.233283
11.3043
11.404636
11.512128
11.608023
11.684996
11.744792
11.78583
11.826323
11.864319
11.890214
11.920652
11.963225
12.011084
12.068261
12.129232
12.158774
12.124151
12.058139
11.949985
11.824925
11.708434
11.651283
11.605963
11.59374
11.590876
11.597494
11.596853
11.599584
11.595947
11.611354
11.633989
11.678124
11.72699
11.764457
11.791547
11.807798
11.802219
11.794594
11.805616
11.803251
10.654981
8.294355
5.976139
3.649021
1.329461
1.357714
3.920189
6.478592
8.972159
11.473421
12.720777
12.484938
12.340539
12.204781
12.097437
12.023073
12.019878
12.056994
12.137004
12.249379
12.383636
12.466968
12.48739
12.453677
12.401271
12.356526
12.352334
12.385971
12.461571
12.543341
12.622995
12.682964
12.736932
12.766016
12.787694
12.793859
12.79186
12.795975
12.803829
12.804114
12.803137
12.799093
12.788468
12.79065
12.797023
12.794963
12.810238
12.827832
12.828579
12.818747
12.811937
12.785294
12.766525
12.753885
12.762288
12.777216
12.788203
12.787069
12.809073
12.819785
12.824759
12.83801
12.85801
12.838595
12.790441
12.700263
12.597054
12.497349
12.408667
12.361424
12.385279
12.471322
12.58621
12.733783
12.892165
13.034581
13.145725
13.224743
13.27924
13.310735
13.334489
13.344992
13.358293
13.37101
13.381137
13.38811
13.393588
13.402128
13.420821
13.439468
13.443812
13.44546
13.44695
13.43841
13.447393
13.467978
13.490246
13.488659
13.484565
13.479829
13.459951
13.394779
13.315282
13.236569
13.137083
13.062653
13.050441
13.098192
13.175491
13.272556
13.38633
13.490175
13.564783
13.605724
13.039647
11.882076
10.401362
8.681066
6.863791
5.421999
4.496442
3.830157
3.325239
2.937885
2.65606
2.424025
2.252017
2.121529
2.026122
1.957531
1.90775
1.873477
1.850583
1.839032
1.832943
1.831921
1.833655
1.836356
1.840014
1.844973
1.850309
1.856697
1.864922
1.870904
1.877689
1.88366
1.888172
1.891778
1.896499
1.899347
1.901926
1.904723
1.907323
1.91038
1.913986
1.916407
1.917953
1.918279
1.919088
1.918762
1.918396
1.918762
1.919413
1.919383
1.918487
1.917836
1.91628
1.915263
1.91453
1.913838
1.913905
1.913955
1.913579
1.913538
1.912643
1.912984
1.911992
1.91131
1.910405
1.910603
1.910064
1.911254
1.910319
1.909881
1.909398
1.908238
1.907414
1.90776
1.906483
1.904454
1.903844
1.902292
1.902302
1.901794
1.901244
1.900034
1.898732
1.896773
1.896768
1.897526
1.896616
1.895858
1.894896
1.893716
1.891616
1.891438
1.890726
1.888467
1.886412
1.885191
1.883304
1.883091
1.883783
1.883945
1.882602
1.881829
1.8801
1.878147
1.876438
1.876356
1.877135
1.878187
1.877496
1.877129
1.875258
1.872974
1.868416
1.866667
1.864103
1.861743
1.858935
1.857714
1.85629
1.855517
1.854459
1.853971
1.852628
1.850675
1.848274
1.846768
1.844937
1.84335
1.841707
1.840034
1.838065
1.789083
1.698223
1.607863
1.514048
1.421647
1.367014
1.364867
1.363133
1.361495
1.359674
1.358041
1.356149
1.353657
1.352085
1.350528
1.34947
1.348285
1.347227
1.345722
1.343646
1.34148
1.33973
1.338224
1.336597
1.335579
1.334074
1.332324
1.33094
1.329842
1.329435
1.330208
1.329964
1.330035
1.33032
1.330442
1.328652
1.328407
1.326993
1.324674
1.322232
1.320727
1.319018
1.317919
1.317431
1.317065
1.316658
1.316251
1.315274
1.314501
1.313809
1.313036
1.312304
1.312019
1.311815
1.311124
1.310147
1.309618
1.308804
1.308764
1.307787
1.307706
1.307909
1.307665
1.307014
1.307258
1.306851
1.305874
1.305427
1.305183
1.304816
1.304898
1.304613
1.303718
1.302899
1.30269
1.302477
1.301459
1.300605
1.29971
1.296759
1.294491
1.293499
1.291531
1.289338
1.288296
1.286683
1.284247
1.283082
1.281882
1.281363
1.280361
1.280244