3.332704
7.499099
11.665301
15.831375
19.998004
20.831054
20.830712
20.831096
20.831411
20.831305
20.831689
20.832052
20.832074
20.832763
20.837348
20.842504
20.847658
20.851666
20.85697
20.857896
20.857392
20.856257
20.85627
20.855669
20.854927
20.855944
20.857758
20.858599
20.858292
20.858417
20.858585
20.858297
20.55658
19.318136
17.910183
16.408708
15.027622
13.903446
13.676239
14.224689
15.208487
15.677854
15.508725
15.858153
16.025977
15.914285
16.225775
17.238655
17.775964
17.878755
17.54917
17.131927
16.460965
15.765734
14.990271
14.74804
14.354916
13.998309
13.556162
13.188826
12.655712
12.384718
12.45865
12.82628
12.867692
12.439637
11.734483
10.806837
9.658705
8.842217
8.480879
8.325855
8.215063
8.103534
7.974089
7.833841
7.907696
8.658922
9.6918
10.589969
11.169097
11.549371
11.485349
11.450372
11.663589
12.324303
12.933921
13.325667
13.405619
13.401431
13.287654
13.151686
12.744678
12.224678
11.684119
11.434376
11.505499
11.919544
12.273362
12.550207
12.509323
12.254074
11.999452
12.001995
12.160768
12.369787
12.145694
11.443677
10.543606
9.566299
8.605047
8.046577
7.844573
7.745969
7.752386
8.139833
8.622498
9.170302
9.704038
10.065037
9.997116
9.878599
9.907367
10.089552
10.342261
10.44251
10.382053
10.250023
10.276802
10.444681
10.776891
11.051034
11.114167
10.96579
10.701877
10.689855
11.068252
11.681801
12.248274
12.711958
12.772931
12.713833
12.371518
11.512929
10.5544
9.656972
8.766637
8.164197
8.102773
8.20139
8.272807
7.645618
6.509188
5.211691
3.928186
2.911795
2.559694
2.561512
2.387085
2.035376
1.733205
1.381117
0.823076
0.575716
0.523049
0.275478
0.009132
0.22658
1.68393
3.888924
6.064426
7.550011
7.748701
6.39896
4.33721
2.348476
0.992983
0.684131
0.697935
0.670141
0.602634
0.59118
0.598946
0.602652
0.60884
0.604319
0.594975
0.569321
0.530747
0.488277
0.441542
0.39359
0.353585
0.308204
0.258666
0.210252
0.161512
0.114251
0.081414
0.058472
0.110312
0.21586
0.34888
0.517547
0.717682
0.871176
1.002965
1.144304
1.272592
1.388834
1.515817
1.644364
1.759869
1.886037
2.030777
2.181726
2.342652
2.522506
2.693352
2.834816
2.884931
2.908062
2.93287
2.964765
3.000711
3.108267
3.221617
3.32663
3.417573
3.505946
3.584891
3.670851
3.723906
3.764104
3.80362
3.861987
3.899348
3.935409
3.969908
3.996868
5.710971
6.1517
6.33294
6.515148
6.722007
5.226687
4.995819
5.040543
5.097139
5.111997
5.113687
5.151089
5.311627
5.84214
6.514999
7.17395
7.763462
8.167103
8.267122
8.342481
8.418018
8.463868
8.35144
8.054669
7.680352
7.438057
7.227181
6.619633
5.785109
5.266679
4.831438
4.348767
4.276763
4.564113
4.310193
3.532752
2.770809
2.093296
1.54655
1.211109
1.070849
0.948094
1.029832
1.056525
1.098013
1.237458
1.318619
1.266893
1.166914
1.145319
1.205354
1.330371
1.359289
1.358472
1.313158
1.304936
1.305643
1.248193
1.160863
1.139139
1.134805
1.132383
1.121475
1.101845
1.1042
1.089422
1.106555
1.274451
1.452632
1.50721
1.536857
1.615897
1.677025
1.780476
1.804518
1.74492
1.627153
1.655644
1.777122
1.967099
2.048893
1.967649
1.785061
1.607195
1.372048
1.532568
2.017415
1.957315
1.730794
1.541284
1.082602
0.455706
0.367217
0.349075
0.351126
0.360523
0.358723
0.354416
0.350092
0.341029
0.315831
0.290783
0.259443
0.226752
0.191775
0.173318
0.153941
0.141366
0.128442
0.119971
0.110732
0.100157
0.087171
0.077074
0.066831
0.0571
0.045593
0.035594
0.028502
0.023965
0.019852
0.019254
0.019052
0.017376
0.015314
0.013967
0.013332
0.014956
0.016399
0.017607
0.017902
0.017954
0.017239
0.017586
0.017738
0.018328
0.018542
0.017994
0.017369
0.015874
0.014456
0.013784
0.014764
0.026617
2.865332
6.889426
10.950691
15.02215
19.084466
18.352261
14.431839
10.375043
6.301643
2.226356
0.119679
0.015061
0.012241
0.027265
1.91407
2.703457
2.788845
2.863937
2.975383
1.290689
0.767071
1.049505
2.772233
2.990745
2.788923
2.524212
2.157987
1.425838
1.593578
1.593643
1.592551
1.592241
0.524476
0.011918
0.012442
0.013178
0.012367
0.011775
0.011858
0.012555
0.012787
0.020807
0.042526
0.04402
0.043267
0.042984
0.036607
0.016301
0.013537
0.012763
0.013427
0.013532
0.013551
0.014338
0.014598
0.013899
0.013378
0.013573
0.01375
0.013584
0.015869
0.015853
0.014397
0.014354
0.015525
0.013792
0.018314
0.027514
0.0414
0.059017
0.094223
0.150715
0.223825
0.338626
0.478848
0.631274
0
0.012779
0
0.078925
0.320534
0.452569
0.548973
0.62012
0.585447
0.371223
0.259505
0.395208
0.992877
1.71224
2.483411
3.262896
3.825875
3.958946
3.996198
5.689554
5.995947
6.034614
6.079143
6.126403
4.471314
4.24789
4.281818
4.322525
4.370566
4.412277
4.44434
4.474235
4.501172
4.525499
4.558294
4.593946
4.626728
4.650433
4.669975
4.687354
4.707791
4.730102
4.72588
4.671222
4.597324
4.513426
4.424334
4.359289
4.334991
4.327562
4.330184
4.353272
4.416219
4.523664
4.645242
4.774702
4.885382
4.961793
5.010335
5.053344
5.093929
5.147326
5.356287
5.676942
6.009029
6.34404
6.676143
6.853455
6.911357
6.955456
6.99298
7.030344
6.923566
6.684432
6.426798
6.163869
5.887465
5.757529
5.789982
5.821234
5.860264
5.900048
5.832372
5.669481
5.569349
5.515357
5.518249
5.660845
5.891126
6.089758
6.244221
6.342641
6.410277
6.465701
6.507174
6.543724
6.594998
6.633489
6.710132
6.919731
7.191102
7.418165
7.672447
7.984317
8.143702
8.211992
8.270855
8.238103
8.133141
7.969699
7.675081
7.124032
6.328846
5.357299
4.415425
3.664413
3.67796
4.021198
4.460643
5.013163
5.520035
5.531027
5.515453
5.548958
5.50737
5.491446
5.517135
5.559525
5.636758
5.732126
5.811134
5.878805
5.927414
5.950267
5.946489
5.929823
5.914639
5.843281
5.719054
5.671235
5.919729
6.174228
6.445075
6.712573
6.843425
6.65458
6.40131
5.876754
4.999763
3.949546
2.74003
1.576709
0.700429
0.223818
0.031154
0.008535
0.006733
0.006219
0.00776
0.010023
0.012307
0.014002
0.015523
0.016026
0.015651
0.016687
0.016615
0.016313
0.017727
0.01906
0.018897
0.763813
1.117958
1.116927
1.1167
1.116091
0.37168
0.01745
0.017097
0.016953
0.017319
0.016171
0.016118
0.016041
0.015856
0.015083
0.015756
0.016447
0.016585
0.016436
0.016892
0.016413
0.015546
0.015244
0.015613
0.015392
0.015251
0.016308
0.01642
0.015971
0.016576
0.017132
0.01584
0.01592
0.016559
0.016241
0.016102
0.016934
0.017555
0.017218
0.016739
0.016765
0.016813
0.015469
0.015117
0.015842
0.015398
0.014883
0.01566
0.015568
0.015277
0.015588
0.015938
0.016264
0.015825
0.015708
0.015756
0.013485
0.010396
0.008753
0.006952
0.004188
0.003765
0.003852
0.003615
0.002843
0.002961
0.003088
0.003161
0.004472
0.013027
0.027802
0.044615
0.058981
0.079838
0.10025
0.115899
0.128719
0.144411
0.153618
0.15678
0.15885
0.158462
0.158804
0.158839
0.158372
0.157335
0.158652
0.159541
2.305384
2.584464
2.578191
2.564012
2.549089
0.387109
0.092394
0.086642
0.085649
0.089566
0.094854
0.09864
0.097273
0.094584
0.078908
0.058492
0.038678
0.020308
0.007708
0.002789
0.002052
0.002301
0.002635
0.002678
0.002442
0.002836
0.002675
0.002486
0.361356
2.07811
2.151239
2.151527
2.151697
1.826858
0.083699
0.002647
0.002268
0.002197
0.001661
0.021578
0.105916
0.188938
0.260593
0.31026
0.32361
0.260562
0.189989
0.119472
0.07009
0.036106
0.01508
0.002941
0.002858
0.00322
0.003068
0.002843
0.002927
0.059965
3.237182
5.91678
8.798153
11.718918
14.178026
11.454145
8.770243
5.853526
2.983607
0.420422
0.013951
0.00236
0.002591
0.002755
0.003362
0.003299
0.003214
0.002518
0.003539
0.003098
0.002882
0.003602
0.004203
0.003802
0.004018
0.004936
0.004872
0.004917
0.004583
0.004595
0.003963
0.003684
0.003962
0.003243
0.002547
0.002439
0.001971
0.001968
0.002229
0.003122
0.002858
0.002858
0.002098
0.002043
0.00177
0.001909
0.001954
0.001926
0.00163
0.001632
0.001378
0.001511
0.001955
0.002611
0.002514
0.003078
0.003506
0.003482
0.003254
0.002869
0.003218
0.003169
0.003144
0.003351
0.004036
0.003993
0.004224
0.004222
0.004574
0.004021
0.00396
0.004478
0.004718
0.004216
0.003882
0.003232
0.002183
0.001323
0.001107
0.001804
0.001892
0.001899
0.002384
0.002532
0.00218
0.00212
0.001884
0.001484
0.040863
0.04085
0.041354
0.042037
0.042667
0.003771
0.004144
0.004356
0.00463
0.004607
0.004516
0.004325
0.00349
0.003069
0.002928
0.002546
0.002738
0.003197
0.003316
0.003402
0.003773
0.003597
0.0038
0.003731
0.004037
0.003748
0.003871
0.003882
1.476117
2.01396
2.017017
2.017027
2.015996
0.519488
0.006164
0.003886
0.003642
0.00367
0.003689
0.003423
0.003232
0.003039
0.003266
0.00322
0.003299
0.003317
0.00411
0.003999
0.003997
0.00462
0.004843
0.003831
0.003601
0.004281
0.003817
0.003495
0.003598
0.00348
0.002882
0.002856
0.003251
0.003794
0.003651
0.003928
0.003806
0.003693
0.003268
0.003793
0.003838
0.003635
0.003842
0.00456
0.004131
0.004296
0.004433
0.004386
0.003948
0.003965
0.003588
0.00346
0.003069
0.003195
0.003436
0.183806
0.726817
1.436846
2.234091
3.069531
3.792223
4.174724
4.388577
4.513592
4.586176
4.611186
6.36672
6.731348
6.889291
7.045675
7.199473
5.583388
5.398626
5.410397
5.434121
5.467856
5.502448
5.538974
5.657034
6.921691
7.091803
7.127541
7.158002
7.129987
7.349223
7.381217
7.403921
7.41954
7.402842
5.988985
5.856665
5.855634
5.524316
4.500496
3.503313
2.687138
1.893821
1.190016
1.117645
1.041136
0.862292
0.711276
0.64853
0.573956
0.472687
0.296854
0.070996
0.004314
0.003795
0.003891
0.003313
0.003323
0.003068
0.003361
0.003504
0.003138
0.002643
0.002815
0.002634
0.002394
0.002663
0.003212
0.003194
0.004252
0.004574
0.004184
0.003613
0.003189
0.001745
0.0013
0.001333
0.001412
0.001376
0.001564
0.001451
0.001247
0.001114
0.001411
0.001244
0.001371
0.001359
0.001308
0.001117
0.001383
0.001542
0.002024
0.002297
0.002331
0.002474
0.00255
0.002194
0.002506
0.00277
0.002461
0.002119
0.0024
0.002591
0.002078
0.002472
0.002957
0.002569
0.001935
0.003221
0.013167
0.02877
0.045131
0.045422
0.044877
0.034625
0.01828
0.001983
0.001631
0.001787
0.005078
0.034594
0.073854
0.093857
0.12137
0.11786
0.088169
0.048797
0.029663
0.001839
0.00234
0.003351
0.003891
0.003797
0.003861
0.003828
0.003376
0.003159
0.002898
0.003137
0.003088
0.002879
0.003019
0.00311
0.003387
0.003625
0.003376
0.003931
0.003861
0.003058
0.002862
0.002885
0.002572
0.0028
0.003161
0.002725
0.003094
0.002958
0.002982
0.00297
0.003388
0.003274
0.002909
0.002564
0.003059
0.003083
0.00294
0.003593
0.004155
0.003557
0.003153
0.003303
0.002947
0.0024
0.004714
0.044577
0.047579
0.047305
0.047361
0.044758
0.005134
0.002986
0.003005
0.002696
0.002674
0.002176
0.002146
0.002052
0.002556
0.002631
0.003114
0.002837
0.003277
0.002937
0.002713
0.00258
0.002606
0.002383
0.002882
0.003482
0.003726
0.003557
0.003437
0.008734
0.008342
0.008096
0.008136
0.008017
0.002601
0.002758
0.002552
0.005305
0.006267
0.025465
0.078526
0.142015
0.201482
0.248089
0.278005
0.274654
0.260447
0.275273
0.31471
0.390762
0.59932
0.860489
1.121459
2.069423
3.032556
3.207034
3.314026
3.40441
2.808993
2.170647
2.217582
2.304693
2.392645
2.472596
2.55141
2.605576
2.635874
2.661558
2.694396
2.713804
2.730596
2.751826
2.773076
2.807581
2.856313
2.898919
2.939757
2.972061
2.980659
5.004869
5.340724
5.4403
5.526858
5.619884
3.686011
3.431734
3.424166
3.428388
3.432738
3.437048
3.446909
3.451492
3.450183
3.43364
3.410715
3.386609
3.348634
3.319369
3.300417
3.295122
3.29956
3.300545
3.300201
3.302663
3.303766
3.280453
2.92962
2.361059
1.730302
1.07709
0.439681
0.140151
0.052462
0.022839
0.012162
0.004997
0.000073
0
0
0
0
0
0
1.856341
3.106028
3.137011
3.137011
3.137011
1.322147
0.154441
0.188573
0.199402
0.199402
0.157925
0.075944
0.01357
0.004602
0.004602
0.004602
0.004602
0.001963
0
0
0
0
0
0
0
0
0
0
0
0
0
0
0
0
0
0.00003
0.000045
0.000045
0.000045
0.000045
0.000015
0
0
0
0
0
0
0
0
0
0
0
0
1.860097
4.447107
4.57811
4.57811
4.57811
2.718013
0.131002
0
0
0
0
0
0
0
0
0
0
0
0
0
0
0
0
0
0
0
0
0
0
0
0
0
0
0
0
0
0
0
0
0
0
0
0
0
0
0
0
0
0
0
0
0
0
0
0
0
0
0
0
0
0
0
0
0
0
0
0
0
0
0
0
0
0
0
0
0
0
0
0
0
0
0
0
0
0
0
0
0
0
0
0
0
0
0
0
0
0.052425
1.251217
1.330572
1.330572
1.330572
1.319368
0.115547
0
0
0
0
0
0
0
0
0
0
0
0
0
0
0
0
0
0
0
0
0
0
0
0
0
0
0
0
0
0
0
0
0
0
0
0
0
0
0
0
2.419143
2.711711
2.758943
2.779313
2.789324
0.373542
0.082376
0.037094
0.018239
0.008309
0.004948
0.003546
0.001597
0.000082
0
0
0
0
0
0
0
0
0
0
0.208349
1.183434
1.240883
1.245738
1.246483
1.039158
0.064072
0.006624
0.001769
0.001023
0.00356
0.709139
1.201821
1.523146
1.865477
2.281455
2.070118
2.13449
4.377175
7.724851
10.830561
12.442807
13.351124
12.034728
9.480686
7.177739
6.351632
6.260206
5.48579
4.362165
3.120724
1.81058
0.429956
0.002926
0
0
0
0
0
0
0
0
0
0
0
0
0
0
0
0
0
0
0
0
0.000015
0.002249
0.007884
0.014111
0.024088
0.036953
0.049096
0.058774
0.072414
0.090159
0.111506
0.134135
0.171328
0.2094
0.250452
0.294003
0.337664
0.374056
0.409834
0.439908
0.474607
0.531086
0.609766
0.712424
0.850793
1.022067
1.204137
1.386901
1.565523
1.71592
1.824148
1.89999
1.937565
1.942919
1.927601
1.897522
1.850569
1.793179
1.734425
1.671706
1.602644
1.531091
1.447612
1.344476
1.230878
1.117886
1.004036
0.920736
0.882504
0.875751
0.880055
0.905795
0.933733
0.94212
0.948775
0.962896
0.969396
0.951138
0.934155
0.912204
0.890099
0.874832
0.873825
0.846902
0.807455
0.761218
0.705219
0.648682
0.616352
0.589167
0.557245
0.526092
0.495653
0.463522
0.430311
0.403647
0.382786
0.364715
0.343056
0.3231
0.278333
0.226854
0.17524
0.382639
0.816917
1.060859
1.25673
1.432575
1.339835
1.012662
0.883284
0.795324
0.723982
0.669644
0.62507
0.594075
0.577073
0.554433
0.540358
0.530157
0.515707
0.494392
0.489706
0.476319
0.460107
0.449719
0.448226
0.443385
0.432073
0.427702
0.428548
0.433427
0.428968
0.435705
0.439729
0.443187
0.43967
0.438949
0.439548
0.437737
0.435163
0.43245
0.434274
0.433953
0.433988
0.434111
0.432661
0.429285
0.42857
0.428749
0.42862
0.430335
0.432882
0.430818
0.427162
0.42375
0.41976
0.41271
0.408005
0.402678
0.398365
0.393475
0.392525
0.391756
0.382714
0.371399
0.360229
0.349585
0.338417
0.335595
0.336473
0.336796
0.336278
0.336633
0.337523
0.336975
0.336989
0.336457
0.335939
0.335939
0.334745
0.333899
2.793345
3.179355
3.288312
3.344038
3.364982
0.986876
1.068932
1.934587
3.100314
4.432577
5.875389
7.071393
7.555038
9.100639
9.289473
8.448383
7.205468
6.139587
3.801417
4.061609
5.185523
5.520591
5.614682
5.696206
4.336206
3.509682
6.461468
9.479367
9.631219
9.212029
8.220356
4.517653
0.972902
0.372166
0.359051
0.525804
0.732612
0.929757
1.118382
1.288606
1.299272
1.28819
1.272434
1.239634
1.200045
1.163239
1.129123
1.10353
1.090952
1.076217
1.066029
1.057431
1.04822
1.039817
1.036658
1.031664
1.029602
1.029498
1.029851
1.037013
1.043286
1.057006
1.12215
1.206956
1.29196
1.404656
1.345317
1.102739
0.834779
0.55708
0.253256
0.109762
0.090417
0.06772
0.04707
0.028048
0.011122
0.000067
0
0
0
0
0
0
0
0
0
0
0
0
0
0
0
0
0
0
0
0
0
0
0
0
0
0
0
0
0
0
0
0
0
0
0
0
0
0
0
0
0
0
0
0
0
0
0
0
0
0
0
0
0
0
0
0.0119
0.01547
0.01547
0.01547
0.017116
0.709949
0.944044
0.945713
0.945713
1.030858
1.156881
3.040248
5.546322
6.467349
7.714415
8.189494
8.37479
6.087597
5.143779
3.81887
2.486292
0.241243
0.001439
0
0
0
0
0
0
0
0
0
0
0
0
0
0
0
0
0
0
0
0
0
0
0
0
0
0
0
0
0
0
0
0
0
0
0
0
0
0
0
0
0
0
0
0
0
0
0.632052
1.540645
1.545282
1.545282
1.545282
0.91323
0.004637
0
0
0
0
0
0
0
0
0
0
0
0
0
0
0
0
0
0
0
0
0
0
0
0
0
0
0
0
0
0
0
2.238044
2.288685
2.288685
2.288685
2.288685
0.052279
0.006622
0.017958
0.033713
0.055434
0.079154
0.102496
0.12414
0.153084
0.328395
0.688105
1.203651
1.880659
2.673514
3.5933
4.389063
4.999491
5.330467
5.317406
5.037424
4.586747
4.095069
3.652837
3.317727
3.076855
2.891949
2.713537
2.455791
2.13316
1.782404
1.444109
1.164094
1.0193
0.96738
0.951606
0.945608
0.938799
0.927778
0.91187
0.90422
0.900548
0.900679
0.90697
0.919954
0.933832
0.952025
0.976865
1.006811
1.039542
1.074473
1.118398
1.159709
1.200358
1.239188
1.274018
1.296529
1.318987
1.338951
1.355588
1.36859
1.381475
1.391467
1.392559
1.392295
1.391403
1.389171
1.380604
1.37552
1.367076
1.358069
1.346108
1.337872
1.326245
1.314611
1.302864
1.295979
1.303502
1.328555
1.36848
1.42321
1.488571
1.55592
1.619623
1.677778
1.730943
1.777809
1.812219
1.839836
1.863656
1.882448
1.897191
1.911806
1.920808
1.928656
1.927828
1.917609
1.899261
1.873563
1.839695
1.80589
1.771138
1.730919
1.694426
1.659126
1.62248
1.589704
1.561259
1.539978
1.521958
1.511712
1.50298
1.491756
1.47086
1.45029
1.423557
1.395742
1.344508
1.281231
1.208652
1.132145
1.050221
0.98823
0.933089
0.884731
0.840525
0.799305
0.758849
0.731029
0.703032
0.669308
0.640049
0.61836
0.592072
0.570699
0.55485
0.539329
0.525363
0.51662
0.504281
0.492269
0.47689
0.461453
0.446403
0.433924
0.424836
0.423282
0.423488
0.423167
0.419883
0.414008
0.406101
0.398402
0.392017
0.391718
0.392869
0.395123
0.378083
0.356653
0.33129
0.303181
0.274339
0.265686
0.263305
0.26405
0.270512
0.27726
0.285519
0.290161
0.29164
0.291872
0.289392
0.285028
0.28353
2.12697
6.198608
7.308796
7.372512
7.420499
5.604182
1.532026
0.403436
0.315941
0.240387
0.184429
0.154248
0.143097
0.135679
0.124703
0.115079
0.110884
0.108873
0.111771
0.122909
0.125739
0.127662
0.129214
0.107866
0.084752
0.071955
0.058961
0.040543
0.043929
0.049434
0.039673
0.028354
0.022269
0.013102
0.002151
0.003499
0.003994
0.003427
0.003427
0.002811
0.007934
0.020922
0.025396
0.026847
0.027627
0.021156
0.007275
0.002288
0.000837
0
0
0.000587
0.000587
0.000587
0.000587
0.000587
0
0
0
0
0
0
2.516107
2.785723
2.868663
2.915582
2.941792
0.429304
0.182464
0.103859
0.058197
0.032328
0.015502
0.005717
0.001272
0
0
0
0
0
0
0
0
0
0
0
0
0
0
0
0
0
0
0
0
0
0
0
0
0
0
0
0
0
0
0
0
0.000015
0.000015
0.000015
0.000015
0.000015
0
0
0
0
0
0
0
0.00003
0.00003
0.00003
0.00003
0.00003
0
0
0
0
0
0
0.001014
0.001014
0.001014
0.001014
0.001014
0
0
0
0.000405
0.000405
0.000405
0.000405
0.000405
0
0
0
0
0.000372
0.001896
0.003338
0.003338
0.003338
0.002966
0.001457
0.00003
0.012272
2.329917
2.793845
2.81784
2.823467
2.813733
0.498913
0.040802
0.026446
0.023111
0.02404
0.026911
0.026518
0.027397
0.037032
0.047257
0.051689
0.054987
0.055452
0.05655
0.054368
0.058915
0.06862
0.076305
0.083702
0.093855
0.097687
0.097708
0.097196
0.095006
0.093986
0.094512
0.091558
0.092498
0.095182
0.098395
0.103674
0.114751
0.122022
0.127467
0.132074
0.127149
0.122906
0.116283
0.107169
0.094213
0.088632
0.082626
0.073381
0.065274
0.060611
0.055393
0.054079
0.060617
0.060235
0.05946
0.050591
0.035754
0.019888
0.011887
0.004026
0.007347
0.016702
0.017492
0.016221
0.014903
0.011258
0.00186
0.000754
0.001066
0.001464
0.001345
0.001242
0.000746
0.000397
0
1.070645
4.344958
5.348483
6.791915
6.867066
5.8073
2.517752
1.495519
0.101279
0.026189
0.016673
0.011614
0.00646
0.002889
0.002829
0.001466
0
0
0
0
0
0
0
0
0
0
0
0
0
0
0
0
0
0
0.000356
0.003681
0.005076
0.007519
0.009797
0.009551
0.006226
0.004824
0.002417
0.000155
0.00003
0.00003
0
0
0
0
0
0
0
0
0
0
0
0
0
0
0
0
0
0
0
0
0
0
0
0
0
2.595773
2.85141
2.93099
2.974975
3.001786
0.422732
0.177219
0.099935
0.056399
0.029588
0.012868
0.002665
0.000433
0
0
0
0
0
0
0
0.635014
1.274729
1.290741
1.290741
1.290741
0.685135
0.016012
0
0
0
0
0
0
0
0
0
0
0
0
0
0
0
0
0
0
0
0
0
0
0
0
0
0
0
0
0
0
0
0
0
0
0
0
0
0
0
0
0
0
0
0
0
0
0.000176
1.296679
3.697305
6.184926
8.664865
11.147662
12.338725
12.414965
12.397397
12.380608
12.959097
14.206042
12.919618
10.574033
8.154763
5.157076
1.403868
0.199773
0.075434
0.031142
0.011822
0.002969
0
0
0
0
0
0
0
0
0
0
0
0
0
0
0
0
0
0
0
0
0
0
0
0
0
0
0
0
0
0
0
0
0
0
0
0.000106
0.000106
0.000106
0.000106
0.000106
0
0
0
0
0
0
0
0
0
0
0
0
0
0
0
0
0
0
0
0.001041
0.002728
0.003113
0.003113
0.003113
0.002087
0.000752
0.001842
0.002057
0.003318
0.003593
0.004576
0.00311
0.002895
0.001634
0.001359
0.000045
0.00106
0.002808
0.005478
0.010037
0.018834
0.027705
0.035946
0.042722
0.050496
0.05463
0.056926
0.059108
0.062408
0.065952
0.070075
0.070412
0.071603
0.071811
0.066628
0.058966
0.056186
0.051906
0.045053
0.044378
1.050776
1.364459
1.381095
1.385777
1.382751
0.370196
0.047596
0.021345
0.010317
0.003478
0.000793
0.001864
0.001864
0.001864
0.001864
0.001131
0.000445
0.001859
0.003304
0.004757
0.005657
0.006697
0.006227
0.005723
0.004801
0.005047
0.004952
0.006351
0.007251
0.00799
0.008572
0.008173
0.006363
0.005337
0.004887
0.003998
0.004336
0.005278
0.005477
0.008242
0.010558
0.01405
0.016488
0.02016
0.088976
2.528674
2.71158
2.776882
2.810854
2.765239
0.341785
0.168423
0.108286
0.072399
0.04723
0.028209
0.013908
0.005571
0.002053
0.000493
0
0
0
0
0
0
0
0
0
0
0
0
0
0
0
0
0
0
0
0
0
0
0
0
0
0
0
0
0
0
0
0
0
0
0
0
0
0
0
0
0
0
0
0
0
0
0
0
0
0.000245
0.000705
0.002024
0.00307
0.004682
0.00656
0.008608
0.008154
0.007637
0.007489
0.006983
0.005597
0.005401
0.006149
0.005978
0.005601
0.005998
0.006096
0.00575
0.005357
0.005391
0.004069
0.004578
0.005041
0.005156
0.007163
0.010436
0.013376
0.016365
0.019418
0.021332
0.025939
0.025672
0.02611
0.030147
0.032545
0.02843
0.028695
0.028337
0.024318
0.02447
0.029242
0.034265
0.038976
0.044097
0.045406
0.045491
0.045342
0.045043
0.045235
0.04453
0.044124
0.043846
0.041219
0.038386
0.038834
0.039432
0.039625
0.042252
0.044509
0.043016
0.043032
0.043075
0.037908
0.032935
0.029659
0.024395
0.019458
0.020339
0.020382
0.024628
1.639031
4.513648
5.302497
5.811017
5.84358
4.302954
1.38858
0.611489
0.083475
0.046783
0.03267
0.023926
0.015845
0.009541
0.006807
0.006267
0.005297
0.004126
0.004052
0.004379
0.003788
0.004153
0.004438
0.003638
0.002444
0.001438
0.000388
0
0
0
0
0
0
0
0
0.000303
0.000348
0.000348
0.000348
0.000348
0.000045
0
0
0
0.000161
0.00131
0.002217
0.002926
0.004581
0.005123
0.004049
0.004517
0.003883
0.002486
0.001882
0.002183
0.001767
0.002293
0.003182
0.003649
0.003922
0.003725
0.00342
0.00275
0.002117
0.001514
0.000707
0.00044
0
0
0
0
0
0
0
0
0
0
0
0
0
0
0
0
0
0
0
0
0
0
0
0
0
0
0
0.000109
0.000832
0.000832
0.000832
0.000832
0.000723
0
0
0
0.276999
2.6327
2.846673
2.924652
2.972353
2.723939
0.385616
0.183033
0.11243
0.068157
0.039857
0.02285
0.011628
0.004164
0.000656
0.000372
0
0
0
0
0
0
0
0
0
0
0.000846
0.002115
0.002115
0.002115
0.002115
0.001305
0
0
0
0
0
0
0
0
0
0
0
0
0
0
0
0
0
0
0
0
0
0
0
0
0
0
0
0
0
0
0.000605
0.000605
0.000874
0.001313
0.003607
0.005125
0.006286
0.009333
0.013591
0.012187
0.010541
0.009381
0.006065
0.001368
0.000478
0.00003
0.00003
0.00003
0.00003
0.00003
0
0
0
0.000181
0.000181
0.000181
0.112789
1.181992
1.282632
1.288482
1.28877
1.178051
2.022936
2.476045
2.499544
2.511484
2.519443
0.635707
0.058613
0.02905
0.017727
0.010404
0.006793
0.006488
0.006981
0.006852
0.00625
0.0064
0.006168
0.006334
0.009949
0.013433
0.016562
0.021439
0.028647
0.030799
0.030657
0.0298
0.028895
0.024385
0.020634
0.021758
0.026236
0.033318
0.045252
0.05915
0.072369
0.087494
0.101078
0.105466
0.108761
0.113851
0.116065
0.120372
0.139735
0.178528
0.381977
0.481593
0.567246
0.646986
0.741163
0.67247
0.677728
0.694025
0.70433
0.678702
0.647814
0.639701
0.625399
0.60884
0.588529
0.567518
0.548903
0.52978
0.50804
0.485828
0.463424
0.442306
0.426901
0.421656
0.421568
0.421103
0.420364
0.414806
0.402843
0.392239
0.377191
0.363482
0.351243
0.340449
0.3273
0.307617
0.279084
0.249362
0.221574
0.192972
0.17045
0.156174
0.14354
0.129424
0.113963
0.104745
0.092928
0.085312
0.083256
0.085414
0.086252
0.089027
0.090028
0.08684
0.080802
0.065095
0.052002
0.038139
0.025137
0.013749
0.013373
0.012492
0.012222
0.01177
0.011564
0.01128
0.012164
0.011975
0.012083
0.013756
0.014731
0.014836
0.015223
0.01529
0.01421
0.013932
0.013931
0.014028
0.014232
0.015061
0.015281
0.016053
0.016176
0.015869
0.014863
0.014457
0.012838
0.011947
0.012117
0.012257
0.011562
0.012516
0.012727
0.012343
0.012283
0.012572
0.011463
0.011012
0.010969
0.011244
0.010782
0.011193
0.497151
2.60335
2.757963
2.797303
2.809294
2.323338
0.21678
0.063312
0.024941
0.013333
0.013746
0.014941
0.014434
0.014261
0.014962
0.378398
1.34992
1.383597
1.384626
1.385443
1.023474
0.052608
0.018822
0.018534
0.018911
0.018334
0.018547
0.019383
0.019642
0.019527
0.018988
0.018448
0.018464
0.01836
0.017358
0.017908
0.017772
0.016403
0.01586
0.014616
0.012316
0.010932
0.008834
0.006918
0.005549
0.005076
0.004393
0.005309
0.005861
0.006722
0.00854
0.009421
0.012584
0.015928
0.020213
0.025615
0.024856
0.025882
0.030395
0.035731
0.039357
0.042436
0.038458
0.030599
0.021059
0.011765
0.00901
0.008785
0.009668
0.010485
0.009979
0.009309
0.010051
0.009404
0.008055
0.013035
0.018178
0.022267
0.025414
0.026546
0.021034
0.017116
0.01746
0.013677
0.011729
0.011441
0.01022
0.004428
0.003411
0.003659
0.003341
0.002639
0.002229
0.002926
0.003043
0.004173
0.005575
0.006775
0.007418
0.008392
0.012349
0.020893
0.029231
0.042823
0.089409
0.133569
0.168514
0.190496
0.205306
0.183788
0.133899
0.082764
0.048924
0.018856
0.0009
0
0
0
0.000015
0.000045
0.000045
0.000045
0.000045
0.00003
0
0
0
0
0
0
0
0
0.00003
0.00003
0.00003
0.00003
0.00003
0
0
0.001531
0.001531
0.001546
0.001546
0.001546
0.000373
0.000015
0
0
0
0
0
0
0.00003
0.00006
0.00006
0.00006
0.00006
0.000045
0
0
0
0
0
0
0
0
0
0
0
0
0
0
0
0
0
0
0
0
0
0
0.00006
0.00006
0.00006
0.00006
0.00006
0
0
0
0
0
0
0
0
0
0
0
0.000045
0.000045
0.000045
0.000045
0.000045
0.000015
0.000091
0.000091
0.000797
0.003006
0.002991
0.005062
0.010617
0.013104
0.010895
0.010895
0.009727
0.00429
0.000993
0.000993
1.62839
2.968239
3.018003
3.03036
3.03808
1.471955
0.080321
0.030701
0.018216
0.010495
0.006022
0.003434
0.003071
0.003676
0.003691
0.004435
0.003896
0.001555
0.000759
0.000744
0
0
0
0
0.623149
2.558661
2.693749
2.749015
2.778758
2.243087
0.266707
0.127123
0.073637
0.043499
0.024837
0.013071
0.004354
0.00046
0
0.000045
0.000075
0.000075
0.000151
0.000151
0.000106
0.000075
0.000091
0.000015
0.000015
0.000045
0.000045
0.00003
0.00003
0.00003
0.00003
0
0
0
0.00003
0.00003
0.00006
0.00006
0.00006
0.00003
0.000075
0.000045
0.000045
0.000045
0.000045
0
0.00006
0.00006
0.00006
0.000172
0.004074
0.009459
0.010204
0.010234
0.010319
0.006417
0.002419
0.004614
0.010184
0.029848
0.067974
0.095492
0.118428
0.132298
0.126308
0.102026
0.08798
0.080228
0.081827
0.08888
0.099212
0.112147
0.122861
0.129507
0.135134
0.137612
0.136544
0.13492
0.134389
0.13276
0.129967
0.126247
0.12552
0.128314
0.133481
0.134565
0.143682
0.148977
0.150438
0.151399
0.158438
0.158729
0.160337
0.163907
0.165651
0.166217
0.157351
0.146496
0.134399
0.126717
0.117838
0.120158
0.124666
0.125862
0.124922
0.129021
0.130925
0.133596
0.139999
0.144843
0.142253
0.140904
0.132178
0.119902
0.1098
0.10745
0.107044
0.113317
0.121846
0.125291
0.125942
0.125272
0.123643
0.123948
0.124957
0.12845
0.124992
0.122108
0.12089
0.123154
0.122214
0.128359
0.129772
0.123245
0.117798
0.115234
0.11313
0.113982
0.119029
0.123536
0.125694
0.128028
0.130917
0.13143
1.301643
2.488549
3.368459
3.703983
3.729114
3.076625
1.542739
0.520468
0.183041
0.156406
0.138149
0.127796
0.115552
0.109327
0.09946
0.090146
0.078516
0.073862
0.070849
0.072644
0.082482
0.088215
0.085614
0.081392
0.083681
0.076537
0.068614
0.069885
0.076009
0.073143
0.078174
0.085708
0.089767
0.081694
0.075747
0.069143
0.062961
0.054848
0.0604
0.063052
0.059562
0.062088
0.07184
0.076556
0.082418
0.092931
0.095914
0.085424
0.07579
0.068307
0.055917
0.042776
0.037448
0.032727
0.02638
0.0259
0.030984
0.036758
0.044641
0.061562
0.085481
0.09727
0.108454
0.117859
0.123088
0.118908
0.122751
0.124594
0.129206
0.119133
0.101962
0.08751
0.074657
0.060769
0.06228
0.069159
0.066929
0.064969
0.062008
0.052186
0.043398
0.042391
0.03701
0.030143
0.026971
0.025351
0.021404
0.01998
0.019349
0.019437
0.018987
0.019607
0.023694
0.025971
0.025572
0.025176
0.859201
2.662227
2.811966
2.889067
2.940948
2.149094
0.376959
0.253074
0.199293
0.167085
0.142878
0.12304
0.111004
0.102208
0.094472
0.086001
0.078834
0.07035
0.061685
0.054806
0.049235
0.048317
0.051668
0.054776
0.05123
0.048143
0.049339
0.047422
0.046984
0.053153
0.061169
0.064344
0.069464
0.070457
0.070233
0.069891
0.06862
0.06745
0.072163
0.07482
0.072056
0.073685
0.073282
0.069805
0.069298
0.071514
0.072107
0.074014
0.074187
0.070318
0.07419
0.078457
0.081638
0.089417
0.116748
0.138186
0.156604
0.166588
0.166615
0.153255
0.135345
0.120425
0.112518
0.116508
0.111239
0.103775
0.092258
0.080108
0.064173
0.053615
0.050373
0.054638
0.060382
0.086418
0.175222
0.267914
0.349291
0.428564
0.487585
0.473173
0.434971
0.400536
0.36279
0.333362
0.282911
0.218637
0.162324
0.105658
0.064125
0.04378
0.042191
0.040439
0.041
0.049647
0.140589
0.886894
0.964611
1.050205
1.050279
1.039021
1.020448
0.162591
0.057871
0.024556
0.025415
0.025792
0.02552
0.025875
0.028994
0.034238
0.038962
0.044613
0.050571
0.056456
0.061498
0.068513
0.077752
0.088007
0.096232
0.104221
0.106702
0.107591
0.109888
0.138477
0.226469
0.351708
0.487561
0.640473
0.780177
0.880819
0.939869
0.971575
0.989047
0.97793
0.879914
0.751142
0.611005
0.47254
0.343651
0.287098
0.262653
0.243829
0.224298
0.234176
0.390223
0.599816
0.853146
1.137558
1.433422
1.676713
1.732025
1.704685
1.653707
1.608193
1.481027
1.304997
1.090851
0.887778
0.648078
0.448541
0.305833
0.170335
0.163921
0.160265
0.164003
0.203445
0.249691
0.355257
0.510057
0.688748
0.847509
0.992439
1.115696
1.189575
1.232905
1.262551
1.28157
1.290574
1.30363
1.330112
1.365786
1.313644
1.097665
0.844542
0.578087
0.305558
0.129534
0.113683
0.126901
0.144066
0.153167
0.149565
0.141105
0.128845
0.118684
0.114449
0.151768
0.221764
0.301502
0.379197
0.454032
0.498542
0.512599
0.524642
0.534285
0.532784
0.537113
0.529502
0.510575
0.494563
0.496398
0.489818
0.495327
0.524693
0.555221
0.5793
0.603424
0.625196
0.628352
0.628641
0.631191
0.628133
0.627391
0.627247
0.624104
0.624437
0.62299
0.623698
0.623257
0.628224
0.628553
0.622675
0.577919
0.5112
0.454697
0.3923
0.329658
0.28368
0.279073
0.293547
1.118919
2.720131
3.063497
3.173713
3.252035
3.327001
2.199073
1.006811
0.707706
0.579006
0.489609
0.412734
0.324411
0.232098
0.181428
0.170532
0.162839
0.156948
0.144299
0.131067
0.337915
3.546269
5.504013
5.585078
5.59318
5.601447
4.843257
1.134811
0.126247
0.087414
0.071632
0.056831
0.044518
0.033998
0.021913
0.013429
0.009379
0.008207
0.006912
0.006272
0.007304
0.009577
0.011374
0.012866
0.01482
0.015242
0.014952
0.014175
0.015334
0.014899
0.015297
0.015987
0.018556
0.018699
0.018367
0.018495
0.017937
0.017259
0.015366
0.016421
0.016825
0.017714
0.017702
0.01826
0.017482
0.017541
0.017379
0.016587
0.016806
0.017945
0.01799
0.017923
0.018408
0.018634
0.017922
0.016761
0.017463
0.017041
0.01639
0.01843
0.021047
0.027063
0.031149
0.037988
0.041205
0.044872
0.047614
0.052063
0.054282
0.056622
0.056515
0.055246
0.054993
0.055503
0.059642
0.067653
0.073976
0.081387
0.090007
0.100336
0.107148
0.117175
0.126615
0.13915
0.14875
0.161397
0.175457
0.18753
0.195148
0.206123
0.215513
0.220314
0.226661
0.234451
0.245063
0.257077
0.273265
0.290163
0.30524
0.315617
0.327826
0.333824
0.339176
0.347678
0.352034
0.357121
0.363409
0.372473
0.37979
0.392533
0.401932
0.411669
0.416299
0.421181
0.421338
0.420745
0.422876
0.427563
0.430191
0.437507
0.445959
0.45267
0.46007
0.467856
0.47493
0.48304
0.490961
0.495145
0.502865
0.507787
0.500817
0.488266
0.477697
0.465429
0.453813
0.453009
0.45655
0.498085
2.158099
2.379987
2.387315
2.385184
2.379902
0.96876
0.454846
0.426375
0.414587
0.404029
0.395548
0.387494
0.379501
0.370991
0.365207
0.359839
0.349553
0.342669
0.335207
0.327274
0.320042
0.315927
0.309548
0.293098
0.276371
0.259131
0.243808
0.232162
0.230667
0.228066
1.219844
2.279377
2.647565
2.670258
2.677255
2.065308
0.786228
0.257363
0.219708
0.205186
0.197487
0.190179
0.182194
0.176573
0.171312
0.161731
0.155755
0.150587
0.145783
0.137807
0.134442
0.130218
0.126346
0.12258
0.121849
0.122671
0.122441
0.118983
0.114791
0.108721
0.102862
0.097844
0.093783
0.089163
0.087881
0.084778
0.081782
0.080522
0.082492
0.082086
0.082925
0.082653
0.078278
0.072211
0.066072
0.061794
0.057327
0.055644
0.055105
0.056117
0.054899
0.054726
1.230456
2.738986
2.866716
2.974491
3.084225
2.408154
0.602396
0.534205
0.50059
0.46156
0.430861
0.412259
0.39422
0.37894
0.362269
0.346127
0.328398
0.302452
0.280862
0.261993
0.243536
0.226969
0.222966
0.237172
0.253429
0.273351
0.293282
0.318424
0.334764
0.347684
0.356023
0.370729
0.393563
0.429739
0.473416
0.518594
0.554182
0.580643
0.591063
0.594088
0.611836
0.649288
0.698194
0.754424
0.794611
0.805068
0.792744
0.766006
0.729205
0.695144
0.669965
0.653748
0.637811
0.624571
0.614944
0.6195
0.612907
0.592473
0.570375
0.54659
0.517966
0.492987
0.483128
0.48025
0.477032
0.476415
0.471793
0.467667
0.463923
0.456753
0.448424
0.446304
0.44448
0.440007
0.439216
0.438453
0.435043
0.43379
0.432551
0.427461
0.416339
0.40233
0.386343
0.371367
0.359658
0.35448
0.356952
0.359297
0.361893
0.366878
0.369354
0.366366
0.365546
0.362138
0.357847
0.355174
0.351459
0.343876
0.335034
0.311767
0.286195
0.261085
0.241869
0.232606
0.222116
0.217331
0.21398
0.21402
0.253128
0.34865
0.478952
0.511547
0.484979
0.407272
0.281896
0.118218
0.026164
0.012589
0.013587
0.014587
0.014452
0.014968
0.015313
0.015845
0.015439
0.015184
0.015114
0.015751
0.015845
0.016272
0.017356
0.018495
0.019076
0.023805
0.03062
0.041069
0.049866
0.057212
0.061928
0.063452
0.059733
0.058309
0.058953
0.057425
0.05754
0.05785
0.055572
0.052939
0.04989
0.047347
0.048004
0.050381
0.053161
0.056205
0.058806
0.060801
0.066019
0.071068
0.076172
0.080893
0.08387
0.087502
0.091775
0.09389
0.101591
0.109848
0.115739
0.122308
0.131847
0.140816
0.148101
0.155624
0.163851
0.171849
0.173969
0.17848
0.18617
0.19709
0.21014
0.235295
0.261347
0.282921
0.295841
0.283589
0.266848
0.252495
0.25023
0.257307
0.3546
0.520901
0.666595
0.806387
0.938748
1.049035
1.07419
1.072185
1.063287
1.056087
1.053462
1.061727
1.060424
1.061829
1.067714
1.070548
1.055612
1.047051
1.042412
1.036738
1.013524
0.949504
0.881909
0.791908
0.717618
0.66531
0.655801
0.649929
0.66601
0.659636
0.613379
0.565881
0.515016
0.460134
1.15588
1.535906
1.528365
1.502248
1.465992
0.765487
0.253309
0.223839
0.214615
0.218648
0.24015
0.255998
0.272416
0.28776
0.303622
0.308301
0.312082
0.312125
1.534133
2.952017
3.069679
3.121544
3.155717
2.290702
1.151535
1.81395
3.730628
7.660802
9.119935
8.781394
7.856712
6.54715
2.659507
0.502094
0.381192
0.352482
0.342818
0.339798
0.335296
0.330171
0.325359
0.314806
0.302661
0.284155
0.267422
0.250049
0.221078
0.192026
0.171707
0.154702
0.138819
0.134362
0.128129
0.117242
0.109028
0.103217
0.108908
0.117742
0.133043
0.144771
0.157042
0.156032
0.153202
0.147759
0.142638
0.13684
0.13237
0.131547
0.128554
0.132453
0.138685
0.778084
1.33474
1.36973
1.382874
1.399553
1.091045
0.301112
0.296249
0.316517
0.330104
0.323362
0.312509
0.305184
0.305614
0.301382
0.340578
0.401583
0.468051
0.541864
0.639968
0.707511
0.75318
0.790082
0.818089
0.838993
0.853845
0.860527
0.86148
0.836106
0.801351
0.76435
0.732951
0.701454
0.695144
0.682804
0.665706
0.649379
0.618944
0.537511
0.459431
0.376441
0.289376
0.21226
0.188523
0.175609
0.170597
0.168898
0.168722
0.167705
0.167988
0.172426
0.178391
0.187855
0.200612
0.21234
0.221235
0.228589
0.236323
0.236387
0.238422
0.245501
0.25419
0.26539
0.281551
0.301368
0.315551
0.329439
0.337755
0.340676
0.3394
0.342992
0.329397
0.267086
0.204324
0.144325
0.081635
0.025904
0.022774
0.023401
0.023246
0.021823
0.02174
0.02129
0.019911
0.019147
0.020314
0.020637
0.020963
0.021225
0.021711
0.02083
0.020603
0.019855
0.019196
0.018886
0.018932
0.019727
0.020764
0.02118
0.021989
0.021394
0.020753
0.020416
0.02044
0.019214
0.017513
0.014804
0.012536
0.010091
0.007876
0.008388
0.008914
0.02513
0.049352
0.078471
0.108784
0.14315
0.163026
0.174068
0.181425
0.185107
0.178888
0.145257
0.112174
0.077167
0.04493
0.017898
0.017639
0.018387
0.020108
0.019703
0.024426
0.072057
0.141765
0.212165
0.287501
0.36381
0.397793
0.410446
0.423159
0.433446
0.439003
0.440023
0.43852
0.437099
0.43531
0.433019
0.43304
0.434682
0.435168
0.435043
0.436463
0.446405
0.45761
0.471515
0.483238
0.495749
0.502166
0.506823
0.511776
0.521152
0.527828
0.527879
0.525467
0.520933
0.511971
0.504249
0.499399
0.496085
0.492261
0.499834
0.502433
0.506988
0.512812
0.517384
0.511963
0.509579
0.510217
0.5089
0.503787
0.498018
0.492184
0.487097
0.486854
0.492443
0.4984
0.506748
1.89843
3.009283
3.112208
4.097748
4.481323
3.251092
2.061992
1.983621
1.059845
0.661743
0.639496
0.627864
0.619262
0.609633
0.602877
0.596505
0.591899
0.587931
0.586996
0.587252
0.583885
0.58263
0.581113
0.576942
0.568391
0.561948
0.582761
0.610877
0.63757
0.668531
0.703735
0.718937
0.744399
0.768898
0.774772
0.757102
0.724198
0.673028
0.623698
0.589092
0.576213
0.574461
0.578384
0.578955
0.565809
0.464847
0.356245
0.242494
0.130474
0.031402
0.021682
0.020828
0.021076
0.022521
0.021535
0.02188
0.022139
0.022553
0.023015
0.023578
0.02364
0.024054
0.023535
0.023119
0.022499
0.022513
0.023258
0.023629
0.023071
0.023594
0.022948
0.02185
0.021778
0.022107
0.021995
0.022841
0.022579
0.022505
0.021079
0.020761
0.021063
0.023143
0.022606
0.025602
0.028396
0.027394
0.025672
0.026011
0.024612
0.023154
0.023167
0.023073
0.022443
0.021194
0.020312
0.021012
0.023447
0.025506
0.027723
0.033429
0.037219
0.039464
0.042939
0.046901
0.049153
0.053807
0.055172
0.055407
0.057249
0.055671
0.052173
0.05213
0.054301
0.056891
0.058213
0.061482
0.06538
0.067191
0.066798
0.067397
0.068022
0.067714
0.065861
0.066486
0.078359
0.146691
0.227633
0.317473
0.414473
0.50317
0.548943
0.572899
0.58714
0.595693
0.585244
0.505522
0.411525
0.310501
0.210289
0.113295
0.086607
0.081355
0.077766
0.076626
0.07544
0.071659
0.067712
0.068182
0.065677
0.064782
0.064748
0.061853
0.060245
0.05668
0.05546
0.053847
0.053329
0.055877
0.055871
0.056384
0.053348
0.050512
0.049067
0.047441
0.044776
0.045032
0.043123
0.040757
0.039293
0.040156
0.037355
0.033184
0.031082
0.028615
0.025899
0.022577
0.022505
0.024411
0.025306
0.025472
0.025784
0.026868
0.025883
0.025747
0.026895
0.026956
0.026428
0.025333
0.024929
0.023733
0.022657
0.022753
0.023183
0.023405
0.024005
0.024321
0.023461
0.024446
0.024644
0.02451
0.022612
0.023322
2.210249
5.394885
5.701173
5.732441
5.748669
3.77074
0.441187
0.097265
0.07215
0.060366
0.050074
0.041977
0.03729
0.032579
0.028982
0.024274
0.024472
0.024755
0.024155
0.024329
0.024972
0.024753
0.023172
0.023608
0.023867
0.024163
0.023402
0.024147
0.023335
0.02326
0.022553
0.02364
0.023733
0.023829
0.023202
0.024043
0.022304
0.021722
1.660656
2.620354
2.701158
2.742946
2.771058
1.151428
0.205186
0.133959
0.100379
0.077552
0.060253
0.046466
0.036554
0.028449
0.024123
0.023429
0.025389
0.023698
0.024481
0.02533
0.024823
0.023632
0.025984
0.026102
0.026158
0.028177
0.027856
0.026873
0.0265
0.025498
0.023648
0.023786
0.024588
0.025234
0.026054
0.025365
0.026147
0.025095
0.026107
0.026302
0.026273
0.025212
0.025255
0.025154
0.025068
0.025517
0.026241
0.026542
0.026086
0.02513
0.025733
0.02482
0.024483
0.023669
0.024262
0.023466
0.023632
0.024048
0.0249
0.023893
0.023616
0.024345
0.023349
0.022478
0.024972
0.025776
0.025693
0.025394
0.025349
0.023098
0.022586
0.022442
0.024065
0.024904
0.02567
0.026497
0.026337
0.026414
0.025645
0.026433
0.027464
0.027461
0.027498
0.027498
0.026027
0.025098
0.025346
0.025271
0.026791
0.032254
0.033835
0.033453
0.03423
0.034126
0.031675
0.034874
0.040386
0.043689
0.048007
0.050992
0.050133
0.049339
0.049038
0.049059
0.048076
0.048034
0.048311
0.049211
0.048522
0.048784
0.049671
0.049991
0.047831
0.048156
0.052437
0.054982
0.057722
0.060739
0.062205
0.062216
0.062336
0.063543
0.062371
0.064729
0.062587
0.062897
0.061808
0.06487
0.066128
0.940553
4.589973
6.983473
8.556892
8.619899
7.970898
4.271839
1.872645
0.188154
0.124158
0.100031
0.084364
0.071525
0.062504
0.049903
0.0405
0.038268
0.039398
0.041881
0.050162
0.05546
0.055999
0.055385
0.052413
0.051882
0.053147
0.050741
0.046562
0.042164
0.03371
0.027827
0.025002
0.025084
0.025901
0.025733
0.026419
0.02588
0.024732
0.026497
0.027688
0.026425
0.026617
0.026767
0.024221
0.02228
0.022122
0.022774
0.022232
0.022069
0.022451
0.022745
0.02157
0.022561
0.022991
0.021781
0.02145
0.022414
0.022507
0.026708
0.033913
0.039029
0.04268
0.046907
0.046287
0.044522
0.04355
0.046544
0.050146
0.053374
0.056533
0.057666
0.055099
0.052434
0.052848
0.053564
0.056069
0.059033
0.062523
0.062504
0.062515
0.060755
0.062886
0.065391
0.068988
0.070099
0.073888
0.071926
0.07337
0.074262
0.074137
0.069704
0.074625
0.071829
0.066927
0.065573
0.065923
0.065562
0.064294
0.064136
0.068462
0.069389
0.069383
0.072158
0.072559
0.072329
0.073832
0.074454
0.074783
0.079568
0.08104
0.083034
1.703219
2.662485
2.748661
2.796344
2.824233
1.225126
0.281888
0.203936
0.159063
0.133353
0.116377
0.103415
0.091922
0.083715
0.076441
0.065693
0.052416
0.043147
0.034059
0.026022
0.01943
0.017427
0.017299
0.019967
0.019218
0.019146
0.01776
0.016943
0.014577
0.015241
0.016956
0.01875
0.019991
0.019812
0.018593
0.016157
0.015249
0.014472
0.015048
0.016721
0.0178
0.019009
0.018972
0.019675
0.019656
0.01998
0.019269
0.210336
0.781455
0.806301
0.809963
0.809383
0.696695
0.051066
0.021051
0.016188
0.016668
0.017176
0.01717
0.016771
0.017148
0.016475
0.016245
0.016227
0.015903
0.015669
0.015887
0.016417
0.016952
0.017257
0.017702
0.017501
0.016567
0.015675
0.016959
0.015655
0.01546
0.016138
0.016817
0.014645
0.014392
0.014721
0.014005
0.013609
0.013812
0.014632
0.014548
0.013927
0.307453
3.896898
7.177078
10.889867
14.341314
17.941096
18.347313
19.120733
19.500863
20.157731
20.374628
20.457952
20.450544
20.348543
20.157448
19.859117
19.480554
19.025095
18.515657
17.965369
16.126092
14.400112
13.057098
11.893176
10.808034
11.07695
11.414565
11.497675
11.544396
11.607997
11.671195
12.059031
12.890845
13.611175
14.182774
14.532214
13.059704
10.10168
7.191289
4.402928
1.807159
0.228112
0.270117
0.276814
0.382059
0.510695
0.629335
0.715834
0.791516
0.852644
0.89694
0.922039
0.942796
0.960698
0.977773
0.990636
1.00449
1.020075
1.031453
1.040308
1.049809
1.060867
1.068272
1.077862
1.086754
1.097259
1.10448
1.111215
1.118468
1.124671
1.129368
1.132311
1.134439
1.134778
1.131344
1.127189
1.122853
1.1149
1.107396
1.09923
1.087371
1.069557
1.056461
1.039835
1.025012
1.009262
0.996156
0.980844
0.963014
0.943213
0.921209
0.898225
0.869286
0.83198
0.799105
0.763618
0.727787
0.688038
0.656287
0.624819
0.588422
0.558172
0.531868
0.504649
0.4765
0.452798
0.431293
0.412852
0.392746
0.377218
0.359869
0.343924
0.328232
0.30614
0.284224
0.266381
0.248863
0.231743
0.219393
0.211656
0.202561
0.193525
0.183722
0.177299
0.169948
0.16226
0.153196
0.143385
0.133451
0.126036
0.117563
0.112347
0.106772
0.101388
0.093828
0.088207
0.084111
0.083384
0.081411
0.077531
0.073042
0.068497
0.063607
0.054483
0.049412
0.048661
0.045582
0.037769
0.031321
0.025688
0.017107
0.011206
1.609307
4.553237
6.633243
6.896577
6.950947
6.141865
2.951288
0.369477
0.108165
0.054371
0.029938
0.01679
0.013802
0.013716
0.013146
0.013603
0.013559
0.012775
0.01277
0.012956
0.012856
0.012689
0.013223
0.013613
0.01395
0.013756
0.013784
0.013476
0.013588
0.012924
0.013689
0.013713
0.013711
0.012236
0.013001
0.011995
0.011668
0.011892
0.012989
0.012732
0.013863
0.014969
0.014394
0.014038
0.014773
0.01405
0.012542
0.012708
0.012878
0.011927
0.010751
0.0115
0.012847
0.013892
0.012839
0.012786
0.013074
0.012061
0.010339
0.010994
0.011935
0.012766
0.016543
0.020487
0.02094
0.021903
0.025223
0.026074
0.028998
0.03639
0.043702
0.047582
0.050549
0.051756
0.053617
0.05381
0.053919
0.057946
0.059823
0.050246
0.041553
0.038055
0.026049
0.016321
0.02239
0.710561
1.426551
1.484389
1.496488
1.497049
0.812449
0.095649
0.040374
0.029023
0.022272
0.018565
0.015137
0.011438
0.010237
0.009408
0.008442
0.011168
0.012848
0.016267
0.077663
0.224057
0.22933
0.228856
0.225392
0.16458
0.019021
0.014818
0.019283
0.024798
0.02978
0.034935
0.034813
0.035216
0.03521
0.036984
0.037064
0.038303
0.038834
0.038522
0.037355
0.03834
0.040111
0.042645
0.043336
0.043024
0.041547
0.038145
0.035245
0.034225
0.033755
0.034353
0.038399
0.038735
0.042848
0.045564
0.048277
0.048221
0.049951
0.049331
0.049868
0.05053
0.049986
0.050263
0.049639
0.047249
0.045363
0.044851
0.043887
0.043652
0.046872
0.049398
0.049914
0.051786
0.052709
0.056133
0.060074
0.065135
0.070022
0.07536
0.076906
0.077587
0.077149
0.075888
0.074014
0.072967
0.073712
0.076099
0.078919
0.080001
0.078431
0.072999
0.069589
0.067495
0.066809
0.068443
0.073194
0.074564
0.074724
0.075154
0.075613
0.075362
0.075421
0.075362
0.07525
0.074193
0.074227
0.07399
0.073691
0.073926
0.074468
0.074481
0.074308
0.074337
0.074222
0.073028
0.072556
0.072994
0.073723
0.074081
0.075811
0.077483
0.079966
0.082586
0.085072
0.088154
0.088052
0.083518
0.081096
0.078185
0.07239
0.068905
0.070313
0.069407
0.072249
0.075536
0.07764
0.079299
0.083072
0.084081
0.0863
0.088239
0.087467
0.083384
0.080751
0.078375
0.07619
0.075053
0.075563
0.074673
0.076495
0.077643
0.077675
0.076049
0.076775
0.073854
2.139604
3.002175
3.087651
3.130417
3.158128
1.287637
0.271238
0.190747
0.152646
0.133048
0.117309
0.106291
0.097326
0.090074
0.082151
0.07345
0.065063
0.058576
0.052421
0.044455
0.040298
0.031849
0.025082
0.017077
0.011545
0.007751
0.008098
0.007419
0.008405
0.008661
0.008585
0.009263
0.009617
0.012965
0.015071
0.013871
0.013578
0.012149
0.009887
0.007737
0.00857
0.008535
0.009123
0.007604
0.006855
0.006977
0.006868
0.007121
0.009269
0.010888
0.010467
0.009537
0.010209
0.009185
0.008486
0.008904
0.009989
0.009768
0.009412
0.008856
0.009152
0.009364
0.008849
0.009157
0.012379
0.01506
0.015145
0.018976
0.01963
0.016323
0.012608
0.012956
0.008751
0.007843
0.008083
0.009021
0.007954
0.00813
0.007412
0.006476
0.005223
0.005967
0.006871
0.007086
0.007849
0.00839
0.008581
0.007883
0.008386
0.008826
0.009193
0.008377
0.008323
0.008172
0.007841
0.007935
0.009088
0.012411
0.016688
0.021597
0.025336
0.023345
0.020186
0.017198
0.012407
0.00792
0.012637
0.018627
0.021853
0.028144
0.033879
0.042324
0.056688
0.082159
0.125414
0.192998
0.272031
0.362464
0.464318
0.574183
0.6979
0.831537
0.984524
1.149663
1.3191
1.507119
1.710691
1.928416
2.146373
2.378476
2.622322
2.883866
3.156969
3.424059
3.705932
3.988604
4.279914
4.573622
4.857725
5.149131
5.431322
5.712421
5.979345
6.261015
6.538346
6.81953
7.09415
7.361766
7.619069
7.880564
8.140741
8.389349
8.636966
8.888298
9.129316
9.367766
9.594851
9.81523
10.034747
10.247746
10.453673
10.646817
10.839413
11.023473
11.201564
11.379679
11.556707
11.732726
11.899518
12.065622
12.218966
12.372543
12.52216
12.670385
12.813601
12.951425
13.086739
13.217295
13.343791
13.468068
13.587304
13.704521
13.81982
13.930297
14.034197
14.132958
14.228403
14.319541
14.406956
14.494289
14.574141
14.648819
14.720754
14.787735
14.849304
14.911284
14.968262
15.017178
15.058329
15.092256
15.119339
15.138667
15.146996
15.147886
15.139535
15.120925
15.089522
15.048691
14.997676
14.933771
14.861801
14.782536
14.693276
14.59339
14.487338
14.369096
14.241264
14.103659
13.958699
13.800823
13.632527
13.45094
13.266478
13.080493
12.896818
12.717787
12.541835
12.370543
12.201446
12.032659
11.868098
11.706553
11.544989
11.385254
11.224719
11.063334
10.929587
10.826897
10.752527
10.712177
11.824499
13.728525
15.569719
17.410676
19.17124
19.958677
19.680382
19.431211
19.228202
19.047211
18.907323
18.811448
18.761151
18.751719
15.690304
12.011513
8.458436
4.709463
1.133516
0
0.000288
0.000881
0.001567
0.001782
0.001909
3.969216
8.146592
12.329336
16.516167
20.701753
20.92107
20.581072
16.398651
12.21396
8.030227
3.914857
0.008465
2.376325
6.483342
10.664634
14.850834
19.036573
20.925121
20.934216
20.938411
20.938088
20.938155
20.937968
20.937341
20.93741
20.937074
20.936903
20.937616
20.936924
20.936665
20.937151
20.93796
20.938099
20.939437
20.939477
20.938767
20.936758
20.934382
20.931848
20.930713
20.929196
20.928443
20.928742
20.929319
20.929062
20.928998
20.929239
20.929602
20.929068
20.929089
20.929666
20.930349
20.930264
20.930584
20.930157
20.930841
20.93114
20.930371
20.930371
20.930606
20.929644
20.928833
20.928662
20.928042
20.927765
20.92738
20.927765