0.13
0.14
0.14
0.13
0.13
0.14
0.13
0.13
0.14
0.14
0.13
0.134
0.133
0.133
0.141
0.143
0.148
0.152
0.16
0.161
0.162
0.172
0.178
0.181
0.183
0.188
0.184
0.186
0.185
0.188
0.189
0.182
1.047
2.452
2.661
4.035
5.494
6.947
8.352
9.351
10.261
10.416
9.778
9.312
10.066
9.649
9.15
8.661
8.202
7.377
6.558
6.476
6.883
6.051
5.946
5.242
4.679
5.252
5.917
7.349
8.909
10.366
11.176
11.463
10.742
10.66
10.416
9.006
7.499
5.984
4.43
2.99
1.631
1.319
1.255
1.166
1.099
0.998
2.495
4.024
5.339
6.536
8.059
9.945
11.708
12.824
13.434
13.499
12.494
11.016
10.314
9.899
9.315
8.42
7.754
7.838
8.359
9.814
10.524
11.847
12.568
13.234
13.747
14.284
14.641
15.016
14.715
13.838
13.158
12.374
11.608
10.758
9.82
8.863
7.723
6.265
5.573
5.119
4.707
4.232
3.787
3.309
2.903
2.437
2.234
2.243
2.24
2.209
2.145
2.091
2.057
2.08
2.102
2.107
2.072
1.979
1.856
1.742
1.65
2.949
5.184
7.331
8.131
8.774
9.422
9.966
10.786
11.616
12.845
12.892
11.814
9.774
9.031
8.501
8.028
7.629
6.939
6.176
5.13
4.073
3.334
3.229
3.401
3.554
3.626
3.744
3.935
4.344
4.397
4.058
3.481
3.259
2.854
2.524
2.281
2.047
1.8
1.443
1.352
1.475
1.684
1.914
2.103
2.183
2.231
2.306
2.375
2.421
2.455
2.47
2.479
2.49
2.494
2.515
2.542
2.552
2.551
2.551
2.552
2.572
2.572
2.537
2.503
2.469
2.422
2.366
2.307
2.243
2.17
2.08
2.007
1.954
1.919
1.879
1.84
1.801
1.755
1.703
1.646
1.578
1.511
1.454
1.401
1.355
1.309
1.269
1.236
1.213
1.203
1.199
1.189
1.179
1.162
1.149
1.14
1.122
1.108
1.091
1.069
1.052
1.021
1.01
0.998
0.984
0.966
0.963
0.957
0.953
0.941
0.923
0.939
0.923
0.926
0.924
0.903
0.866
0.822
0.771
0.736
0.704
0.651
0.608
0.548
0.499
0.476
0.471
0.488
0.776
0.956
1.108
1.215
1.267
1.309
1.36
1.836
2.187
2.632
3.038
3.448
3.723
3.942
4.233
4.549
4.817
4.643
4.557
4.358
3.931
3.619
3.474
3.434
3.345
3.231
3.168
3.151
3.168
3.156
3.132
3.123
3.144
3.172
3.192
3.2
3.233
3.276
3.346
3.425
3.439
3.388
3.294
3.253
3.309
3.344
3.287
3.141
2.96
2.812
2.759
2.74
2.74
2.676
2.556
2.497
2.51
2.671
2.916
2.915
2.907
2.92
2.933
2.997
3.059
3.14
3.209
3.167
3.049
3.158
3.262
3.339
3.41
3.439
3.453
3.414
3.363
3.324
3.284
3.251
3.221
3.195
3.176
3.15
3.149
3.172
3.201
3.235
3.277
3.323
3.374
3.431
3.485
3.548
3.601
3.644
3.689
3.73
3.765
3.796
3.797
3.793
3.784
3.78
3.779
3.783
3.783
3.785
3.791
3.8
3.844
3.898
3.965
4.049
4.146
4.277
4.278
3.921
3.557
3.19
2.81
2.483
2.521
2.591
2.638
2.677
2.835
3.337
3.844
4.363
4.761
4.971
5.024
5.036
5.047
5.017
4.983
4.945
4.797
4.609
4.712
4.938
4.944
4.873
4.683
4.731
4.802
4.888
5.089
5.326
5.39
5.471
5.557
5.708
5.987
6.037
6.077
6.128
6.157
6.087
5.846
5.614
5.407
5.216
5.036
4.875
4.728
4.59
4.476
4.466
4.615
4.732
4.828
4.895
4.945
4.975
4.985
4.967
4.93
4.877
4.831
4.783
4.714
4.638
4.566
4.489
4.402
4.318
4.232
4.153
4.085
4.017
3.993
3.57
3.59
3.177
3.184
3.303
3.605
3.977
4.372
4.773
5.126
5.842
5.613
5.753
5.478
5.074
4.495
3.844
3.166
2.492
1.82
1.225
1.14
1.129
1.132
1.156
1.183
1.208
1.233
1.254
1.289
1.294
1.289
1.283
1.274
1.268
1.257
1.247
1.237
1.231
1.219
1.209
1.201
1.184
1.168
1.152
1.137
1.129
1.121
1.116
1.108
1.107
1.108
1.126
1.146
1.165
1.185
1.196
1.205
1.211
1.222
1.224
1.216
1.172
1.127
1.081
1.036
1
0.96
0.932
0.91
0.891
0.888
0.972
1.059
1.147
1.236
1.315
1.394
1.459
1.511
1.562
1.599
1.637
1.66
1.661
1.644
1.619
1.59
1.553
1.522
1.488
1.453
1.357
1.266
1.197
1.142
1.096
1.046
0.993
0.939
0.918
0.927
0.976
1.065
1.187
1.332
1.497
1.644
1.831
2.158
2.536
2.855
3.142
3.387
3.572
3.632
3.569
3.572
3.534
3.367
3.126
2.914
2.692
2.475
2.277
2.175
2.183
2.14
2.113
2.08
2.042
2.022
2.01
2.007
2.012
2.036
2.071
2.133
2.171
2.112
2.115
2.18
2.297
2.47
2.689
2.905
3.1
3.558
4.195
5.025
5.948
6.989
7.976
8.577
9.485
10.917
12.512
13.583
14.318
14.731
14.807
14.541
14.147
14.071
13.544
12.375
10.9
9.445
8.133
7.031
6.11
5.273
4.635
4.002
3.478
3.08
2.839
2.842
2.899
2.983
3.081
3.25
3.358
3.477
3.59
3.699
3.802
3.849
3.753
3.703
3.694
3.747
3.835
3.95
4.086
4.23
4.386
4.593
4.953
5.243
5.466
5.597
5.673
5.693
5.67
5.61
5.518
5.401
5.204
5.016
4.84
4.696
4.563
4.451
4.363
4.3
4.249
4.225
4.297
4.37
4.435
4.48
4.513
4.532
4.519
4.485
4.424
4.28
3.985
3.78
3.654
3.592
3.596
3.646
3.739
3.867
4.036
4.279
4.616
4.86
5.028
5.121
5.154
5.149
5.115
5.051
4.979
4.907
4.828
4.745
4.664
4.604
4.537
4.474
4.304
4.142
3.977
3.813
3.671
3.547
3.487
3.451
3.429
3.411
3.515
3.616
3.717
3.808
3.895
3.971
3.981
3.962
3.939
3.907
3.868
3.833
3.796
3.767
3.73
3.696
3.667
3.655
3.636
3.628
3.616
3.609
3.593
3.41
3.387
3.379
3.373
3.36
3.356
3.352
3.345
3.338
3.347
3.565
4.109
4.641
5.075
5.402
5.618
5.74
5.796
5.792
5.742
5.615
4.986
4.337
3.765
3.289
2.917
2.628
2.416
2.258
2.072
1.882
1.672
1.556
1.428
1.382
1.385
1.394
1.406
1.423
1.515
1.652
1.833
1.937
2.075
2.145
2.175
2.206
2.23
2.257
2.277
2.293
2.318
2.343
2.365
2.383
2.398
2.412
2.429
2.441
2.456
2.417
2.259
2.182
2.179
2.226
2.311
2.424
2.554
2.704
2.864
3.083
3.415
3.668
3.845
3.962
4.038
4.081
4.094
4.087
4.057
4.018
3.964
3.907
3.844
3.792
3.736
3.688
3.646
3.589
3.549
3.527
3.609
3.667
3.717
3.746
3.761
3.752
3.736
3.722
3.699
3.628
3.404
3.211
3.048
2.971
2.935
2.933
2.943
2.964
2.989
3.034
3.141
3.246
3.333
3.343
3.336
3.307
3.268
3.236
3.203
3.184
3.175
3.165
3.148
3.136
3.124
3.107
3.092
3.073
3.048
3.006
2.946
2.886
2.836
2.787
2.74
2.715
2.696
2.677
2.666
2.676
2.693
2.707
2.721
2.738
2.667
2.613
2.608
2.603
2.6
2.582
2.571
2.556
2.54
2.524
2.598
2.64
2.637
2.63
2.623
2.625
2.628
2.635
2.641
2.651
2.646
2.651
2.66
2.665
2.668
2.67
2.662
2.647
2.648
2.641
2.644
2.643
2.644
2.652
2.662
2.675
2.687
2.709
2.722
2.736
2.752
2.77
2.779
2.787
2.795
2.798
2.8
2.804
2.806
2.812
2.809
2.813
2.816
2.815
2.81
2.832
3.019
3.227
3.429
3.611
3.769
3.889
3.893
3.897
3.903
3.884
3.706
3.492
3.268
3.052
2.848
2.666
2.591
2.505
2.407
2.303
2.187
2.067
1.96
1.805
1.716
1.622
1.543
1.47
1.364
1.294
1.228
1.178
1.13
1.137
1.096
1.061
1.027
0.945
0.893
0.848
0.825
0.78
0.728
0.696
0.682
0.698
0.698
0.728
0.791
0.839
0.911
1.023
1.148
1.272
1.393
1.503
1.637
1.81
1.981
2.136
2.261
2.374
2.487
2.598
2.688
2.771
2.838
2.9
2.944
2.985
3.01
3.028
3.039
3.04
3.049
3.055
3.057
3.05
3.043
3.027
3.017
2.992
2.964
2.935
2.91
2.876
2.846
2.824
2.81
2.801
2.795
2.802
2.812
2.822
2.826
2.815
2.812
2.8
2.781
2.769
2.754
2.733
2.712
2.687
2.672
2.668
2.665
2.656
2.643
2.631
2.624
2.616
2.614
2.612
2.6
2.599
2.593
2.596
2.613
2.618
2.618
2.639
2.674
2.707
2.736
2.766
2.786
2.81
2.816
2.822
2.831
2.819
2.785
2.755
2.721
2.691
2.669
2.641
2.63
2.623
2.617
2.62
2.625
2.628
2.641
2.646
2.654
2.666
2.672
2.681
2.69
2.696
2.704
2.718
2.729
2.746
2.761
2.78
2.791
2.804
2.812
2.846
2.888
2.924
2.956
2.976
2.998
3.009
3.025
3.041
3.054
3.039
3.004
2.979
2.959
2.94
2.927
2.917
2.909
2.896
2.895
2.917
2.954
2.984
3.002
3.03
3.053
3.072
3.089
3.107
3.118
3.103
3.083
3.062
3.048
3.038
3.014
3.003
2.99
2.972
2.959
2.984
3.012
3.035
3.06
3.077
3.098
3.116
3.128
3.15
3.161
3.163
3.184
3.209
3.226
3.236
3.25
3.262
3.268
3.274
3.282
3.344
3.421
3.493
3.567
3.489
3.559
3.617
3.675
3.722
3.758
3.709
3.618
3.525
3.432
3.495
3.403
3.309
3.229
3.143
3.074
3
2.93
2.87
2.811
2.748
2.616
2.5
2.376
2.271
2.168
2.098
2.035
1.975
1.909
1.848
1.857
1.867
1.889
1.906
1.912
1.898
1.883
1.857
1.844
1.833
1.84
1.844
1.845
1.843
1.845
1.844
1.846
1.851
1.861
1.874
1.873
1.9
2.186
2.618
3.106
3.614
4.119
4.632
5.136
5.639
6.138
6.602
6.805
6.858
6.851
6.813
6.755
6.686
6.434
6.046
5.945
5.836
5.72
5.393
4.776
4.152
3.541
2.941
2.524
2.244
1.683
1.133
0.592
0.268
0.241
0.239
0.237
0.237
0.241
0.248
0.265
0.282
0.303
0.333
0.364
0.397
0.437
0.474
0.516
0.563
0.601
0.645
0.69
0.73
0.784
0.828
0.877
0.922
0.965
1.001
1.045
1.084
1.122
1.156
1.177
1.203
1.222
1.244
1.262
1.278
1.291
1.283
1.172
1.121
1.067
1.026
0.994
0.972
0.958
0.949
0.949
0.976
1.104
1.179
1.261
1.33
1.395
1.449
1.501
1.55
1.586
1.62
1.654
1.683
1.705
1.727
1.744
1.753
1.763
1.775
1.787
1.798
1.807
1.834
1.864
1.894
1.917
1.943
1.961
1.972
1.984
1.995
2.005
1.995
1.98
1.965
1.951
1.94
1.927
1.915
1.902
1.888
1.881
1.871
1.861
1.853
1.848
1.845
1.843
1.845
1.846
1.846
1.837
1.833
1.849
1.887
1.93
1.965
1.988
1.995
2.006
2.004
1.997
1.984
1.968
1.938
1.902
1.868
1.85
1.841
1.831
1.832
1.833
1.835
1.822
1.799
1.781
1.768
1.746
1.727
1.709
1.694
1.701
1.706
1.706
1.705
1.695
1.687
1.645
1.639
1.632
1.636
1.622
1.614
1.608
1.6
1.597
1.6
1.649
1.663
1.684
1.696
1.664
1.59
1.527
1.476
1.435
1.395
1.359
1.34
1.323
1.311
1.345
1.421
1.493
1.558
1.624
1.669
1.706
1.725
1.735
1.741
1.754
1.769
1.779
1.793
1.797
1.815
1.833
1.848
1.792
1.734
1.671
1.605
1.54
1.535
1.548
1.556
1.558
1.564
1.639
1.714
1.781
1.846
1.913
1.911
1.904
1.902
1.902
1.903
1.906
1.9
1.901
1.902
1.897
1.9
1.896
1.895
1.896
1.792
1.719
1.653
1.59
1.532
1.48
1.425
1.362
1.295
1.243
1.283
1.391
1.524
1.65
1.767
1.88
1.986
2.007
1.935
1.85
1.841
1.775
1.692
1.615
1.539
1.461
1.384
1.407
1.527
1.645
1.74
1.82
1.908
1.999
2.092
2.187
2.277
2.359
2.438
2.547
2.687
2.822
2.947
3.071
3.198
3.354
3.612
3.912
4.235
4.542
4.774
4.911
4.922
4.88
4.811
4.71
4.516
4.274
4.003
3.717
3.426
3.203
3.099
3.043
3.013
2.99
2.968
2.948
2.935
2.924
2.923
2.953
2.989
3.109
3.287
3.453
3.671
3.841
4.001
4.262
4.638
4.503
4.378
4.183
3.943
3.729
3.475
3.277
3.098
2.8
2.407
2.534
2.669
2.801
2.949
3.217
3.548
4.341
5.097
5.852
6.562
7.38
7.854
8.884
9.956
10.885
11.768
12.155
12.596
12.554
12.591
12.514
13.337
13.531
13.145
13.295
13.667
14.975
16.052
17.134
17.77
18.008
17.413
16.695
16.358
15.394
14.093
11.821
9.698
8.034
6.726
5.761
5.032
4.472
4.029
3.677
3.398
3.043
2.752
2.805
3.352
4.284
5.414
6.699
8.034
9.363
10.804
12.405
13.947
15.215
16.002
16.407
16.608
16.678
16.771
16.336
16.253
16.092
15.973
15.835
15.67
15.491
15.335
15.14
14.872
15.215
15.063
14.925
14.782
14.637
14.572
14.464
14.334
14.217
14.124
13.978
13.865
13.777
13.707
13.706
13.665
13.634
13.583
13.577
13.526
13.447
13.385
13.339
13.265
13.11
12.977
12.911
12.859
12.773
12.721
12.646
12.57
12.495
12.456
12.41
12.291
12.148
12.03
11.91
11.782
11.699
11.636
11.607
11.558
11.521
11.487
11.163
10.844
10.536
10.235
9.924
9.689
9.565
9.437
9.429
9.435
9.535
9.345
8.937
8.614
8.326
7.972
7.499
6.957
6.388
6.125
6.119
6.397
6.887
7.371
7.738
8.124
8.527
9.026
9.477
9.767
9.077
8.195
8.365
8.748
9.155
9.438
9.595
9.645
9.338
8.384
8.278
8.378
7.458
6.305
5.273
4.369
3.567
2.842
2.406
2.479
2.641
2.795
2.92
3.009
3.035
2.982
2.894
2.807
2.726
2.672
2.618
2.558
2.495
2.409
2.314
2.215
2.011
1.858
1.832
1.918
2.122
2.426
2.789
3.189
3.637
4.161
4.837
5.709
6.37
6.963
7.513
7.971
8.287
8.528
8.695
8.77
8.781
8.532
8.347
8.096
7.753
7.437
7.195
6.967
6.751
6.547
6.354
6.164
5.992
5.833
5.686
5.493
5.298
5.114
5.013
5.342
6.033
6.791
7.41
7.998
8.569
9.137
9.758
10.461
11.109
11.349
11.218
10.938
10.738
10.546
10.364
10.232
10.135
9.971
9.789
9.576
9.276
8.985
8.729
8.483
8.279
8.045
7.726
7.393
7.058
6.741
6.52
6.548
6.528
6.424
6.28
6.112
5.938
5.544
5.085
4.64
4.214
3.621
3.094
2.655
2.414
2.189
1.996
1.884
2.013
2.153
2.284
2.416
2.565
2.733
2.718
2.711
2.69
2.814
2.766
2.703
2.646
2.595
2.545
2.5
2.449
2.397
2.341
2.293
2.251
2.215
2.176
2.134
2.095
2.051
2.014
1.973
1.938
1.881
1.744
1.584
1.422
1.265
1.107
0.956
0.803
0.654
0.505
0.375
0.327
0.305
0.293
0.285
0.281
0.277
0.274
0.273
0.273
0.275
0.277
0.28
0.282
0.271
0.267
0.266
0.271
0.277
0.282
0.288
0.346
0.441
0.547
0.672
0.796
0.916
1.032
1.149
1.265
1.378
1.444
1.468
1.48
1.484
1.481
1.474
1.466
1.454
1.442
1.427
1.409
1.391
1.371
1.35
1.325
1.309
1.247
1.185
1.123
1.065
1.01
1.007
1.005
1.002
1
0.987
1.021
1.056
1.092
1.129
1.163
1.145
1.126
1.111
1.095
1.088
1.086
1.091
1.096
1.095
1.089
1.091
1.098
1.101
1.103
1.099
1.09
1.077
1.06
1.047
1.039
1.023
0.996
0.942
0.884
0.822
0.761
0.699
0.641
0.582
0.527
0.472
0.432
0.427
0.436
0.458
0.485
0.519
0.565
0.625
0.692
0.771
0.861
0.958
1.063
1.178
1.305
1.435
1.568
1.71
1.853
2.006
2.158
2.312
2.464
2.611
2.749
2.884
3.012
3.119
3.216
3.295
3.364
3.424
3.481
3.527
3.57
3.607
3.635
3.668
3.754
3.92
4.133
4.37
4.617
4.873
5.126
5.375
5.624
5.864
6.045
6.143
6.182
6.186
6.166
6.124
6.066
6.009
5.947
5.885
5.812
5.726
5.64
5.555
5.469
5.39
5.325
5.253
5.152
5.036
4.941
4.87
4.819
4.777
4.757
4.772
4.806
4.858
4.947
5.055
5.159
5.121
4.936
4.71
4.455
4.176
3.9
3.628
3.339
3.021
2.692
2.495
2.43
2.426
2.46
2.505
2.541
2.551
2.546
2.56
2.578
2.595
2.639
2.678
2.698
2.707
2.688
2.653
2.637
2.628
2.628
2.656
2.681
2.7
2.713
2.698
2.661
2.638
2.626
2.617
2.632
2.647
2.649
2.641
2.615
2.582
2.572
2.568
2.569
2.593
2.617
2.625
2.616
2.574
2.535
2.525
2.529
2.558
2.608
2.372
2.276
2.267
2.175
2.083
2.06
2.138
2.298
2.536
2.783
3.323
3.74
4.098
4.858
5.929
7.025
8.041
9.001
9.86
10.679
11.439
12.026
12.439
12.466
12.134
11.707
11.26
10.745
10.206
9.638
9.084
8.625
8.281
7.978
7.724
7.461
7.166
6.881
6.597
6.28
5.835
5.53
5.329
5.232
5.441
5.851
6.312
6.998
7.582
8.179
8.885
9.45
9.899
10.249
10.286
10.133
9.945
9.272
8.727
8.236
7.781
7.36
7.067
6.794
6.544
6.292
6.033
6.049
6.052
6.036
6.002
5.953
5.79
5.618
5.449
5.283
5.027
4.737
4.446
4.159
3.894
3.632
3.389
3.152
2.924
2.713
2.611
2.564
2.524
2.498
2.467
2.447
2.421
2.406
2.395
2.363
2.332
2.297
2.282
2.271
2.266
2.271
2.282
2.299
2.323
2.366
2.474
2.628
2.78
2.943
3.106
3.266
3.43
3.591
3.745
3.907
4.004
4.058
4.103
4.133
4.154
4.167
4.179
4.188
4.192
4.189
4.191
4.193
4.193
4.191
4.193
4.195
4.193
4.193
4.191
4.186
4.179
4.164
4.151
4.146
4.141
4.139
4.137
4.131
4.128
4.124
4.181
4.356
4.575
4.811
5.057
5.308
5.568
5.828
6.085
6.093
6.138
6.206
6.229
6.227
6.209
6.182
6.143
6.099
6.052
6.254
6.358
6.332
6.302
6.276
6.253
6.236
6.215
6.204
6.202
6.199
6.19
6.165
6.139
6.107
6.073
6.038
5.999
5.958
5.912
5.864
5.406
4.86
4.337
3.853
3.42
3.043
2.726
2.445
2.197
1.976
2.183
2.494
2.794
3.063
3.286
3.47
3.604
3.697
3.758
3.798
3.824
3.846
3.858
3.867
3.88
3.876
3.872
3.872
3.873
3.862
3.859
3.852
3.847
3.841
3.825
3.809
3.794
3.781
3.768
3.765
3.756
3.751
3.748
3.746
3.749
3.415
3.364
3.188
3.179
3.181
3.201
3.242
3.29
3.341
3.389
3.774
3.875
4.102
4.158
4.201
4.226
4.23
4.221
4.21
4.206
4.194
4.181
4.162
4.15
4.136
4.126
4.117
4.109
4.094
4.077
4.062
4.048
4.039
4.028
4.018
4.002
3.986
3.973
3.969
3.962
3.962
3.961
3.958
3.953
3.952
3.952
3.955
3.954
3.951
3.943
3.933
3.928
3.919
3.909
3.898
3.889
3.877
3.873
3.863
3.854
3.849
3.842
3.838
3.83
3.82
3.811
3.652
3.491
3.335
3.183
3.03
3.015
3.006
3.006
3.009
3.01
3.158
3.307
3.456
3.606
3.753
3.761
3.762
3.764
3.767
3.771
3.773
3.773
3.774
3.773
3.772
3.663
3.657
3.654
3.648
3.642
3.638
3.635
3.63
3.626
3.632
3.745
3.757
3.76
3.763
3.767
3.771
3.773
3.776
3.848
4.004
4.195
4.397
4.583
4.755
4.9
5.003
5.087
5.181
5.183
5.083
4.931
4.741
4.545
4.358
4.189
4.071
3.972
3.858
3.776
3.692
3.627
3.583
3.567
3.557
3.553
3.54
3.527
3.517
3.498
3.486
3.476
3.457
3.432
3.275
2.939
2.591
2.245
1.9
1.556
1.214
0.87
0.542
0.215
0.031
0.183
0.538
0.902
1.272
1.644
2.016
2.388
2.758
3.133
3.468
3.724
3.827
3.903
3.874
3.822
3.772
3.729
3.704
3.69
3.714
3.675
3.615
3.585
3.671
3.8
3.948
4.106
4.265
4.508
4.746
4.953
5.135
5.321
5.519
5.717
5.914
6.097
6.277
6.37
6.47
6.609
6.808
6.988
7.136
7.267
7.376
7.486
7.585
7.735
7.871
7.971
8.04
8.094
8.148
8.2
8.248
8.289
8.328
8.298
8.26
8.232
8.171
8.12
8.064
7.999
7.932
7.857
7.777
7.698
7.624
7.526
7.421
7.317
7.218
7.141
7.075
7.019
6.982
6.938
6.905
6.903
6.933
6.981
7.037
7.083
7.132
7.196
7.244
7.302
7.339
7.372
7.396
7.426
7.455
7.477
7.48
7.457
7.426
7.393
7.368
7.341
7.302
7.239
7.167
7.091
7.026
6.964
6.907
6.847
6.79
6.615
6.454
6.405
6.361
6.314
6.263
6.22
6.181
6.169
6.154
6.268
6.368
6.356
6.351
6.353
6.358
6.36
6.362
6.339
6.322
6.298
6.296
6.298
6.284
6.27
6.257
6.247
6.237
6.231
6.229
6.228
6.206
6.189
6.179
6.172
6.166
6.163
6.158
6.153
6.144
6.134
5.93
5.724
5.524
5.318
4.708
4.675
4.661
4.65
4.642
4.637
4.829
5.02
5.208
5.41
6.025
6.087
6.116
6.125
6.126
6.126
6.131
6.137
6.143
6.137
6.125
6.085
6.054
6.044
6.039
6.033
6.029
6.025
6.023
6.026
6.027
6.033
6.042
6.051
6.064
6.078
6.094
6.112
6.134
6.147
6.16
6.172
6.187
6.2
6.209
6.219
6.228
6.233
6.235
6.242
6.249
6.268
6.285
6.294
6.381
6.58
6.742
6.854
6.932
6.989
7.04
7.048
7.046
7.07
7.006
6.822
6.674
6.581
6.521
6.486
6.458
6.457
6.468
6.46
6.473
6.488
6.499
6.513
6.544
6.559
6.563
6.562
6.573
6.568
6.547
6.525
6.51
6.487
6.442
6.415
6.398
6.382
6.363
6.365
6.371
6.379
6.379
6.376
6.368
6.352
6.338
6.333
6.316
6.299
6.28
6.263
6.246
6.233
6.224
6.219
6.218
6.213
6.212
6.206
6.208
6.204
6.204
6.204
6.21
6.212
6.209
6.206
6.206
6.203
6.198
6.199
6.199
6.203
6.2
6.205
6.213
6.24
6.253
6.262
6.258
6.251
5.665
5.583
5.415
5.416
5.418
5.389
5.364
5.335
5.318
5.299
5.857
5.902
6.032
5.982
5.925
5.871
5.816
5.763
5.714
5.662
5.606
5.547
5.49
5.433
5.376
5.325
5.272
5.228
5.173
5.128
5.078
5.036
5.001
4.968
4.938
4.901
4.87
4.832
4.802
4.765
4.74
4.711
4.677
4.64
4.598
4.562
4.524
4.494
4.463
4.433
4.4
4.372
4.355
4.338
4.325
4.316
4.305
4.296
4.287
4.28
4.268
4.259
4.239
4.226
4.208
4.189
4.178
4.163
4.148
4.125
4.111
4.095
4.087
4.07
4.058
4.047
4.033
4.021
4.009
4.007
4.002
3.998
3.987
3.977
3.967
3.955
3.948
3.94
3.935
3.926
3.92
3.913
3.908
3.908
3.909
3.92
3.921
3.923
3.921
3.853
3.717
3.583
3.448
3.314
3.052
3.035
3.032
3.029
3.024
3.088
3.219
3.346
3.472
3.597
3.848
3.847
3.843
3.836
3.833
3.833
3.829
3.825
3.823
3.817
3.821
3.825
3.817
3.81
3.804
3.8
3.797
3.793
3.787
3.797
3.791
3.785
3.784
3.787
3.788
3.787
3.786
3.794
3.796
3.786
3.785
3.784
3.787
3.788
3.791
3.794
3.797
3.799
3.804
3.814
3.824
3.832
3.843
3.854
3.86
3.864
3.87
3.869
3.874
3.878
3.882
3.882
3.879
3.876
3.874
3.875
3.875
3.879
3.957
4.209
4.564
4.958
5.351
5.738
6.095
6.44
6.777
7.188
7.589
7.817
7.922
7.932
7.908
7.859
7.829
7.793
7.753
7.63
7.275
7.022
6.815
6.66
6.524
6.2
5.88
5.696
5.517
5.33
5.299
5.151
4.968
4.792
4.624
4.671
4.716
4.636
4.556
4.482
4.404
4.329
4.255
4.171
4.088
4.013
3.942
3.871
3.803
3.753
3.838
4.064
4.396
4.801
5.263
5.734
6.126
6.442
6.745
7.064
7.213
7.121
6.611
5.988
5.302
4.586
3.947
3.382
2.832
2.256
1.733
1.308
1.207
1.168
1.154
1.156
1.161
1.159
1.208
1.34
1.559
1.875
2.253
2.667
3.106
3.54
4.002
4.537
5.043
5.428
5.732
5.962
6.121
6.239
6.326
6.436
6.542
6.597
6.644
6.746
6.851
6.95
7.068
7.196
7.322
7.445
7.576
7.696
7.812
7.924
8.043
8.157
8.267
8.375
8.494
8.611
8.722
8.832
8.942
9.049
9.15
9.289
9.434
9.576
9.699
9.795
9.862
9.918
9.989
10.068
10.267
10.482
10.685
10.902
11.112
11.324
11.509
11.669
11.74
11.779
11.618
11.348
11.007
10.606
10.142
9.662
9.179
8.695
8.24
7.78
7.347
6.944
6.572
6.237
5.976
5.752
5.553
5.378
5.23
5.088
4.978
4.882
4.818
4.733
4.629
4.523
4.428
4.228
4.04
3.86
3.687
3.523
3.195
3.091
2.998
2.9
2.8
2.815
2.835
2.848
2.821
2.743
2.821
2.699
2.594
2.499
2.434
2.291
2.25
2.238
2.277
2.383
2.52
2.667
2.815
2.963
3.088
3.304
3.425
3.534
3.649
3.76
3.863
3.949
4.031
4.11
4.202
4.287
4.378
4.472
4.531
4.586
4.633
4.689
4.736
4.766
4.733
4.719
4.709
4.707
4.745
4.788
4.852
4.921
5
5.094
5.245
5.375
5.482
5.582
5.656
5.711
5.74
5.771
5.791
5.812
5.83
5.871
5.898
5.923
5.947
5.987
6.042
6.094
6.163
6.195
6.217
6.213
6.214
6.209
6.196
6.173
6.142
6.112
6.057
5.962
5.773
5.604
5.466
5.344
5.262
5.204
5.165
5.123
5.11
5.26
5.721
6.168
6.56
6.905
7.154
7.35
7.485
7.607
7.68
7.55
7.031
6.517
6.054
5.655
5.347
5.727
6.398
7.098
7.799
8.555
9.457
10.296
11.082
11.783
12.426
12.376
12.011
11.6
11.179
10.744
10.129
9.523
8.919
8.339
7.759
7.203
6.692
6.186
5.702
5.281
5.074
4.908
4.76
4.632
4.518
4.414
4.319
4.228
4.156
4.083
4.004
3.927
3.855
3.778
3.726
3.662
3.602
3.552
3.502
3.456
3.407
3.359
3.318
3.291
3.253
3.235
3.219
3.205
3.182
3.158
3.134
3.113
3.089
3.06
3.04
3.012
2.979
2.948
2.923
2.899
2.88
2.861
2.846
2.83
2.812
2.803
2.807
2.812
2.816
2.831
3.003
3.267
3.56
3.861
4.162
4.454
4.737
5.016
5.29
5.523
5.441
5.208
4.924
4.628
4.321
4.008
3.69
3.369
3.055
2.78
2.667
2.612
2.582
2.556
2.543
2.532
2.527
2.534
2.545
2.548
2.534
2.518
2.354
2.328
2.301
2.277
2.253
2.219
2.181
2.142
2.113
2.089
2.21
2.2
2.192
2.184
2.169
2.155
2.143
2.133
2.123
2.079
2.034
1.987
1.938
1.891
1.743
1.739
1.733
1.723
1.718
1.746
1.781
1.817
1.851
1.886
2.029
2.024
2.023
2.025
2.027
2.033
2.032
2.024
2.013
1.999
1.988
1.98
1.978
1.977
1.973
1.969
1.97
1.962
1.97
1.984
1.996
2.012
2.017
2.024
2.031
2.039
2.053
2.074
2.075
2.084
2.101
2.115
2.127
2.138
2.152
2.159
2.159
2.165
2.177
2.113
2.024
1.947
1.895
1.853
1.74
1.841
2.137
2.545
3.029
3.258
3.43
3.613
3.789
4.025
4.38
4.558
4.567
4.491
4.36
4.55
4.813
5.053
5.268
5.411
5.496
5.535
5.529
5.495
5.429
5.356
5.275
5.194
5.119
5.045
4.975
4.912
4.866
4.809
4.753
4.701
4.656
4.599
4.538
4.443
4.29
4.115
3.93
3.748
3.579
3.409
3.233
3.073
2.916
2.801
2.756
2.747
2.747
2.757
2.765
2.778
2.797
2.811
2.841
2.856
2.832
2.765
2.7
2.646
2.602
2.568
2.544
2.535
2.523
2.532
2.59
2.727
2.871
3.007
3.138
3.263
3.379
3.482
3.584
3.592
3.536
3.44
3.35
3.27
3.208
3.154
3.12
3.101
3.092
3.23
3.255
3.366
3.433
3.602
3.745
3.868
3.975
4.069
4.147
4.226
4.527
4.735
4.972
5.14
5.354
5.582
5.805
6.028
6.235
6.367
6.423
6.47
6.504
6.482
6.41
6.318
6.208
6.085
5.968
5.849
5.757
5.679
5.604
5.53
5.459
5.388
5.323
5.258
5.19
5.126
5.014
4.791
4.526
4.242
3.946
3.651
3.364
3.09
2.826
2.567
2.425
2.438
2.516
2.617
2.733
2.855
2.98
3.094
3.207
3.28
3.241
3.167
3.093
3.047
3.018
3.002
2.986
2.977
2.971
3.006
3.049
3.059
3.047
3.005
2.941
2.865
2.781
2.699
2.613
2.508
2.374
2.242
2.105
1.964
1.823
1.677
1.541
1.399
1.265
1.149
1.089
1.049
1.023
1.007
0.997
0.999
0.94
0.933
0.92
0.905
0.878
0.846
0.817
0.786
0.751
0.711
0.734
0.712
0.692
0.678
0.665
0.662
0.655
0.654
0.662
0.67
0.682
0.699
0.716
0.737
0.774
0.806
0.847
0.891
0.944
1.004
1.069
1.13
1.206
1.284
1.359
1.442
1.529
1.619
1.702
1.795
1.884
1.985
2.079
2.183
2.345
2.521
2.685
2.829
2.958
3.061
3.148
3.212
3.263
3.232
3.102
2.954
2.827
2.723
2.639
2.574
2.522
2.47
2.426
2.449
2.479
2.485
2.46
2.415
2.35
2.276
2.189
2.108
2.03
1.878
1.708
1.549
1.396
1.256
1.13
1.015
0.923
0.85
0.797
0.818
0.842
0.997
1.256
1.596
2.012
2.502
3.065
3.722
4.548
5.578
6.797
9.023
11.141
13.258
15.072
16.657
18.018
19.093
19.849
20.309
20.488
19.486
18.49
17.318
16.304
15.404
14.588
13.917
13.332
12.819
12.422
12.066
11.709
11.436
11.196
10.976
10.789
10.588
10.392
9.745
8.856
7.95
7.043
6.147
5.292
4.459
3.665
2.935
2.263
2.186
3.079
4.243
5.467
6.691
7.884
9.039
10.15
11.205
12.222
12.194
11.232
10.035
8.915
8.171
7.717
7.421
7.233
7.146
7.122
8.001
8.758
9.449
10.033
10.271
10.267
10.137
9.978
9.815
9.64
9.498
9.884
10.421
10.931
11.371
11.707
11.957
12.122
12.182
12.183
12.148
11.901
11.554
11.222
10.885
10.59
10.329
10.092
10.611
11.389
11.567
11.73
11.892
12.019
12.153
12.272
12.361
12.369
11.613
10.574
10.12
9.703
9.282
8.96
8.714
8.534
8.397
8.337
8.288
8.23
8.176
8.101
8.001
7.803
7.549
7.268
6.991
6.709
6.462
6.222
5.966
5.714
5.49
5.267
5.049
4.834
4.628
4.432
4.201
4.012
3.856
3.715
3.577
3.447
3.327
3.216
3.118
3.011
2.882
2.686
2.477
2.276
2.074
1.885
1.698
1.502
1.318
1.067
0.915
0.856
0.854
0.891
0.96
1.06
1.179
1.331
1.513
1.856
2.222
2.628
3.059
3.489
3.941
4.391
4.84
5.28
5.707
5.644
5.357
5.609
5.87
6.105
6.294
6.442
6.57
6.692
6.783
7.264
7.923
7.979
7.971
7.965
7.968
7.937
7.979
8.969
10.183
11.456
12.671
13.876
15.068
16.261
17.401
18.593
19.734
19.912
19.83
19.722
19.66
19.58
19.506
19.416
19.392
19.36
19.229
19.135
19.085
18.958
18.831
18.68
18.488
18.266
17.958
17.602
17.311
16.894
16.408
15.93
15.41
14.905
14.409
13.918
13.453
13.004
12.53
12.073
11.561
11.079
10.612
10.145
9.662
9.161
8.682
8.22
7.776
7.385
7.089
6.794
6.513
6.262
6.056
5.886
5.723
5.568
5.435
5.339
5.263
5.227
5.205
5.196
5.196
5.198
5.202
5.211
5.201
5.165
5.14
5.096
5.047
4.983
4.916
4.861
4.794
4.715
4.638
4.576
4.511
4.469
4.399
4.385
4.391
4.384
4.406
4.45
4.5
4.566
4.66
4.738
4.847
4.917
4.972
5.036
5.09
5.135
5.189
5.204
5.198
5.183
5.153
5.108
5.053
4.985
4.908
4.818
4.718
4.637
4.563
4.352
4.052
3.68
3.295
2.93
2.567
2.219
1.866
1.513
1.14
0.908
0.78
0.737
0.715
0.696
0.677
0.659
0.664
0.681
0.711
0.747
0.791
0.839
0.89
0.919
0.956
0.992
1.024
1.057
1.094
1.132
1.165
1.205
1.237
1.27
1.287
1.252
1.182
1.085
0.985
0.883
0.781
0.669
0.562
0.465
0.384
0.356
0.362
0.38
0.391
0.406
0.423
0.433
0.444
0.458
0.469
0.49
0.51
0.541
0.573
0.601
0.627
0.662
0.702
0.747
0.795
0.834
0.875
0.915
0.963
1.014
1.069
1.121
1.175
1.249
1.343
1.448
1.551
1.652
1.74
1.821
1.902
2.004
2.116
2.211
2.218
2.212
2.203
2.191
2.185
2.084
2.134
2.04
1.918
1.79
1.728
1.682
1.64
1.622
1.614
1.713
1.671
1.753
1.861
1.979
2.112
2.25
2.403
2.542
2.691
2.841
2.987
3.155
3.325
3.494
3.661
3.811
3.955
4.107
4.246
4.376
4.501
4.605
4.685
4.748
4.795
4.84
4.861
4.863
4.856
4.836
4.814
4.777
4.738
4.7
4.657
4.615
4.574
4.526
4.488
4.46
4.426
4.392
4.363
4.336
4.308
4.279
4.256
4.242
4.22
4.207
4.188
4.184
4.189
4.191
4.197
4.197
4.199
4.209
4.22
4.221
4.233
4.241
4.237
4.234
4.238
4.252
4.261
4.263
4.272
4.281
4.286
4.289
4.3
4.315
4.322
4.334
4.349
4.361
4.362
4.361
4.348
4.344
4.333
4.319
4.305
4.283
4.263
4.232
4.212
4.186
4.183
4.162
4.148
4.132
4.118
4.106
4.111
4.171
4.221
4.427
5.265
6.227
7.217
8.218
9.213
10.203
11.177
12.086
12.979
13.697
13.745
13.647
13.49
13.291
13.066
12.808
12.521
12.219
11.891
11.557
11.207
10.845
10.465
10.087
9.705
9.32
8.919
8.527
8.151
7.79
7.452
7.148
6.874
6.622
6.403
6.219
6.077
5.96
5.879
5.831
5.81
5.812
5.838
5.883
5.942
6.007
6.095
6.198
6.262
6.296
6.301
6.262
6.185
6.074
5.932
5.792
5.642
5.481
5.362
5.268
5.207
5.18
5.176
5.194
5.232
5.308
5.38
5.427
5.447
5.448
5.426
5.144
4.661
4.167
3.669
3.154
2.674
2.155
1.645
1.151
0.669
0.455
0.46
0.482
0.521
0.539
0.533
0.6
0.697
0.812
0.942
1.078
1.212
1.357
1.512
1.676
1.839
1.994
2.114
2.226
2.338
2.419
2.495
2.57
2.634
2.693
2.735
2.784
2.861
2.937
3.016
3.021
3.129
3.238
3.352
3.467
3.596
3.726
3.849
3.968
4.076
4.28
4.383
4.482
4.452
4.41
4.356
4.288
4.209
3.907
3.952
4
4.048
4.095
4.258
4.209
4.294
3.963
3.763
4.129
4.157
4.177
4.197
4.203
4.209
4.428
4.486
4.94
5.264
5.245
5.211
5.181
5.138
5.103
5.066
5.03
5.048
5.106
5.165
5.207
5.245
5.273
5.304
5.327
5.348
5.363
5.332
5.269
5.202
5.144
5.078
5.015
4.961
4.907
4.857
4.811
4.783
4.766
4.751
4.736
4.73
4.723
4.556
4.549
4.555
4.563
4.573
4.601
4.628
4.652
4.664
4.685
4.863
4.889
4.898
4.907
4.949
5.051
5.16
5.274
5.394
5.498
5.59
5.67
5.737
5.793
5.805
5.741
5.676
5.643
5.651
5.66
5.667
5.671
5.675
5.651
5.61
5.558
5.494
5.513
5.619
5.733
5.853
5.969
6.08
6.213
6.351
6.491
6.618
6.615
6.471
6.315
6.154
5.991
5.839
5.686
5.541
5.402
5.273
5.141
5.02
4.908
4.795
4.698
4.604
4.52
4.447
4.371
4.301
4.236
4.181
4.127
4.073
4.002
3.897
3.796
3.693
3.599
3.515
3.436
3.363
3.297
3.238
3.207
3.227
3.253
3.289
3.33
3.375
3.425
3.472
3.518
3.57
3.617
3.668
3.723
3.771
3.819
3.853
3.886
3.925
3.96
3.997
4.032
4.06
4.077
4.1
4.113
4.131
4.149
4.159
4.168
4.178
4.15
4.083
4.022
3.956
3.891
3.826
3.764
3.701
3.644
3.582
3.587
3.645
3.702
3.757
3.816
3.872
3.927
3.984
4.032
4.08
4.144
4.276
4.422
4.572
4.72
4.861
4.989
5.105
5.214
5.313
5.353
5.285
5.201
5.103
5.001
4.9
4.803
4.712
4.619
4.531
4.452
4.394
4.335
4.279
4.224
4.172
4.12
4.069
4.03
3.99
3.947
3.93
3.933
3.943
3.967
3.998
4.04
4.133
4.231
4.264
4.304
4.295
4.261
4.25
4.239
4.231
4.218
4.186
4.193
4.277
4.36
4.373
4.389
4.385
4.373
4.358
4.08
3.973
3.819
3.581
3.419
3.347
3.284
3.206
3.127
3.046
3.23
3.209
3.193
3.25
3.228
3.21
3.18
3.171
3.153
3.136
3.117
3.103
3.088
3.078
3.041
2.97
2.922
2.872
2.832
2.789
2.76
2.745
2.754
2.77
2.838
2.97
3.086
3.2
3.322
3.447
3.562
3.655
3.703
3.739
3.792
3.954
4.217
4.508
4.75
4.972
5.182
5.396
5.622
5.852
6.037
6.079
6.017
5.922
5.862
5.803
5.755
5.704
5.654
5.603
5.544
5.478
5.432
5.382
5.333
5.301
5.262
5.233
5.214
5.194
5.18
5.193
5.19
5.183
5.184
5.183
5.184
5.183
5.171
5.162
5.16
5.139
5.12
5.131
5.159
5.194
5.236
5.28
5.333
5.384
5.435
5.487
5.529
5.547
5.542
5.53
5.503
5.469
5.422
5.374
5.327
5.287
5.215
5.125
5.028
4.931
4.844
4.759
4.682
4.611
4.53
4.448
4.403
4.374
4.355
4.338
4.321
4.306
4.292
4.277
4.228
4.092
3.945
3.802
3.661
3.528
3.394
3.266
3.143
3.022
2.979
3.093
3.238
3.395
3.547
3.695
3.848
3.993
4.142
4.288
4.401
4.435
4.445
4.449
4.451
4.458
4.458
4.461
4.455
4.448
4.459
4.585
4.8
5.04
5.3
5.557
5.801
6.045
6.294
6.542
6.774
6.888
6.91
6.9
6.879
6.849
6.832
6.788
6.734
6.666
6.58
6.426
6.249
6.054
5.844
5.637
5.431
5.248
5.061
4.889
4.733
4.656
4.628
4.646
4.678
4.704
4.734
4.769
4.811
4.851
4.89
4.914
4.936
4.951
4.961
4.974
4.992
4.873
4.417
4.332
4.363
4.395
4.401
4.379
4.343
4.304
4.263
4.388
4.882
5.022
5.039
5.057
5.09
5.139
5.213
5.312
5.427
5.53
5.608
5.675
5.759
5.853
5.952
6.045
6.133
6.211
6.263
6.304
6.352
6.393
6.427
6.323
6.213
6.102
5.981
5.856
5.443
5.461
5.468
5.484
5.497
5.639
5.781
5.931
6.084
6.222
6.657
6.653
6.661
6.66
6.657
6.649
6.63
6.565
6.491
6.41
6.304
6.181
6.037
5.881
5.697
5.435
5.158
4.91
4.667
4.444
4.24
4.057
3.882
3.719
3.599
3.636
3.721
3.818
3.939
4.059
4.18
4.298
4.417
4.541
4.649
4.732
4.824
4.937
5.059
5.187
5.322
5.459
5.612
5.779
5.946
6.072
6.157
6.217
6.265
6.315
6.36
6.405
6.429
6.447
6.474
6.503
6.534
6.566
6.568
6.537
6.485
6.425
6.365
6.269
6.165
6.051
5.945
5.829
5.732
5.658
5.603
5.546
5.508
5.493
5.478
5.476
5.475
5.493
5.528
5.567
5.61
5.662
5.708
5.755
5.802
5.845
5.885
5.943
6
6.066
6.136
6.213
6.289
6.376
6.465
6.545
6.627
6.675
6.702
6.721
6.735
6.747
6.751
6.744
6.74
6.748
6.748
6.739
6.704
6.651
6.589
6.508
6.418
6.325
6.225
6.119
6.009
5.915
5.846
5.34
4.994
4.602
4.567
4.529
4.492
4.456
4.428
4.393
4.363
4.788
5.061
5.39
5.372
5.352
5.31
5.198
5.071
4.946
4.802
4.643
4.479
4.314
4.149
3.993
3.867
3.862
3.916
3.994
4.089
4.198
4.31
4.431
4.555
4.681
4.796
4.861
4.891
4.913
4.954
5.01
5.079
5.16
5.25
5.344
5.45
5.561
5.672
5.789
5.905
6.006
6.102
6.194
6.298
6.409
6.511
6.607
6.707
6.793
6.867
6.946
7.022
7.097
7.155
7.205
7.257
7.302
7.332
7.359
7.389
7.416
7.421
7.398
7.357
7.303
7.239
7.178
7.124
7.067
6.996
6.922
6.864
6.833
6.826
6.829
6.835
6.847
6.873
6.93
7.006
7.084
7.177
7.256
7.329
7.409
7.507
7.612
7.696
7.741
7.763
7.774
7.769
7.77
7.764
7.747
7.692
7.422
7.157
6.902
6.655
6.417
5.842
5.627
5.414
5.214
5.042
5.072
5.097
5.124
5.155
5.202
5.591
5.619
5.657
5.69
5.731
5.852
6.042
6.265
6.498
6.719
6.939
7.163
7.37
7.582
7.786
7.912
7.972
7.999
8.034
8.071
8.106
8.139
8.184
8.226
8.27
8.317
8.376
8.42
8.4
8.363
8.323
8.267
8.202
8.124
8.03
7.929
7.815
7.574
7.504
7.447
7.391
7.342
7.296
7.257
7.23
7.201
7.185
7.309
7.3
7.277
7.258
7.243
7.228
7.213
7.195
7.181
7.152
7.129
7.109
7.095
7.083
7.073
7.068
7.061
7.059
7.053
7.047
7.044
7.04
7.037
7.031
7.026
7.013
7.002
6.992
6.987
6.983
6.984
6.575
6.021
5.412
4.877
4.264
3.621
2.972
2.31
1.652
0.981
0.714
0.598
0.539
0.401
0.347
0.322
0.303
0.297
0.29
0.385
0.651
0.866
1.075
1.287
1.511
1.725
1.935
2.135
2.33
2.421
2.343
2.156
1.956
1.746
1.522
1.444
1.907
2.396
2.901
3.424
3.954
4.645
5.34
6.04
6.741
7.299
7.31
7.295
7.264
7.222
7.175
7.124
7.089
7.058
7.024
6.998
6.982
6.97
6.961
6.944
6.927
6.907
6.887
6.873
6.862
6.846
6.83
6.82
6.809
6.803
6.804
6.801
6.8
6.791
6.783
6.774
6.758
6.743
6.732
6.721
6.706
6.7
6.703
6.712
6.727
6.75
6.788
6.83
6.868
6.905
6.945
6.989
7.027
7.061
7.089
7.115
7.134
7.14
7.148
7.148
7.142
7.136
7.124
7.121
7.126
7.132
7.135
7.138
7.138
7.136
7.133
7.123
7.109
7.086
7.049
6.998
6.941
6.894
6.855
6.825
6.781
6.731
6.672
6.605
6.527
6.451
6.373
6.287
6.192
6.096
6.016
5.94
5.861
5.779
5.704
5.634
5.567
5.508
5.457
5.41
5.369
5.319
5.282
5.261
5.261
5.267
5.277
5.143
5.002
4.855
4.709
4.576
4.195
3.748
3.672
3.629
3.58
3.667
3.763
3.865
3.961
4.056
4.405
4.816
4.842
4.834
4.82
4.804
4.772
4.741
4.721
4.699
4.675
4.652
4.626
4.599
4.577
4.566
4.565
4.562
4.55
4.538
4.526
4.529
4.555
4.611
4.703
4.802
4.915
5.029
5.141
5.258
5.375
5.474
5.556
5.613
5.631
5.642
5.634
5.627
5.62
5.608
5.592
5.583
5.569
5.547
5.534
5.527
5.522
5.518
5.512
5.51
5.513
5.51
5.514
5.532
5.554
5.575
5.602
5.622
5.654
5.687
5.716
5.748
5.769
5.791
5.816
5.824
5.832
5.845
5.847
5.85
5.846
5.844
5.841
5.832
5.817
5.592
5.556
5.533
5.515
5.496
5.484
5.464
5.452
5.436
5.42
5.632
5.646
5.651
5.656
5.664
5.676
5.697
5.713
5.736
5.721
5.731
5.749
5.766
5.788
5.814
5.84
5.864
5.894
5.919
5.977
5.993
6.017
6.045
6.058
6.063
6.071
6.072
6.082
6.082
6.089
6.107
6.12
6.126
6.145
6.165
6.182
6.195
6.203
6.223
6.244
6.274
6.296
6.315
6.338
6.351
6.363
6.384
6.413
6.444
6.469
6.488
6.515
6.546
6.568
6.596
6.624
6.652
6.661
6.661
6.662
6.664
6.67
6.668
6.669
6.672
6.674
6.675
6.686
6.695
6.707
6.721
6.72
6.733
6.742
6.755
6.771
6.784
6.804
6.824
6.859
6.883
6.91
6.933
6.954
6.976
7.001
7.03
7.056
7.091
7.11
7.134
7.162
7.184
7.213
7.236
7.258
7.268
7.281
7.301
7.328
7.358
7.387
7.421
7.449
7.479
7.506
7.543
7.572
7.592
7.606
7.613
7.627
7.638
7.653
7.667
7.662
7.652
7.64
7.616
7.588
7.571
7.545
7.519
7.497
7.472
7.466
7.466
7.465
7.473
7.49
7.501
7.52
7.538
7.543
7.558
7.564
7.577
7.589
7.6
7.608
7.49
7.361
7.235
7.115
6.99
6.557
6.582
6.606
6.625
6.639
6.772
6.896
7.022
7.147
7.27
7.707
7.694
7.69
7.707
7.729
7.761
7.792
7.812
7.827
7.851
7.882
7.91
7.923
7.925
7.929
7.94
7.961
7.993
8.024
8.054
8.076
8.085
8.106
8.115
8.125
8.12
8.121
8.117
8.13
8.136
8.141
8.153
8.159
8.167
8.18
8.192
8.209
8.225
8.236
8.246
8.253
8.248
8.247
8.26
8.258
8.262
8.253
8.252
8.238
8.217
8.187
8.159
8.14
8.109
8.096
8.09
8.111
8.127
8.156
8.195
8.256
8.324
8.378
8.439
8.48
8.517
8.535
8.553
8.565
8.566
8.571
8.564
8.57
8.578
8.588
8.59
8.592
8.589
8.596
8.612
8.615
8.631
8.627
8.626
8.628
8.624
8.606
8.591
8.57
8.552
8.534
8.515
8.528
8.536
8.549
8.58
8.618
8.658
8.69
8.67
8.627
8.572
8.482
8.379
8.272
8.146
8.024
7.896
7.777
7.703
7.644
7.602
7.567
7.546
7.523
7.509
7.496
7.485
7.472
7.467
7.467
7.454
7.448
7.439
7.437
7.433
7.429
7.426
7.418
7.404
7.394
7.391
7.388
7.382
7.368
7.361
7.355
7.348
7.347
7.341
7.336
7.325
7.318
7.317
7.315
7.308
7.299
7.294
7.289
7.281
7.272
7.268
7.257
7.248
7.241
7.232
7.219
7.206
7.193
7.193
7.181
7.173
7.169
7.155
7.144
7.135
7.128
7.121
7.112
7.099
7.096
7.087
7.075
7.069
7.062
7.057
7.052
7.047
7.04
7.026
7.017
7.009
7.002
6.993
6.983
6.966
6.956
6.942
6.933
6.93
6.923
6.911
6.901
6.892
6.885
6.882
6.872
6.868
6.855
6.846
6.839
6.834
6.824
6.814
6.803
6.798
6.792
6.782
6.778
6.769
6.763
6.757
6.756
6.753
6.748
6.739
6.732
6.727
6.72
6.717
6.709
6.698
6.684
6.674
6.668
6.657
6.654
6.648
6.641
6.632
5.991
5.359
4.724
4.088
3.453
2.82
2.182
1.544
0.912
0.281
0.282
0.283
0.282
0.283
0.269
0.256
0.244
0.233
0.218
0.202
0.2
0.193
0.193
0.193
0.203
0.213
0.223
0.233
0.244
0.258
0.257
0.246
0.247
0.245
0.243
0.244
0.244
0.246
0.245
0.243
0.247
0.257
0.257
0.259
0.264
0.268
0.269
0.266
0.267
0.269
0.268
0.271
0.271
0.267
0.265
0.26
0.262
0.265
0.267
0.267
0.267
0.264
0.263
0.263
0.261
0.261
0.26
0.262
0.259
0.257
0.255
0.259
0.26
0.256
0.257
0.259
0.259
0.258
0.26
0.262
0.259
0.255
0.254
0.259
0.261
0.262
0.263
0.265
0.266
0.264
0.264
0.268