15.7
15.5
15.4
15.325
15.24
15.18333333
15.11428571
15.0875
15.06666667
14.99
14.79
14.61
14.46
14.49
14.53
14.53
14.5
14.42
14.33
14.29
14.3
14.32
14.32
14.12
13.91
13.73
13.6
13.48
13.37
13.26
13.15
13.42
14.59
16.7
19.71
22.71
26.04
29.77
32.96
35.79
39.14
43.34
46.2
47.76
48.21
48.52
48.4
47.81
47.8
48.82
49.54
49.61
50.16
51.32
52.63
54.69
56.92
59.31
61.71
63.52
65.13
66.16
67.07
68.18
69.7
71.04
72.84
75.02
77.42
79.97
82.64
85.45
88.48
91.14
93.48
95.38
95.66
95.64
96.07
96.73
97.53
98.34
98.98
99.8
100.62
101.5
103.31
105.13
106.43
107.51
108.61
110.08
112.04
114.17
116.42
118.67
121.22
122.61
122.29
123.25
124.66
125.89
126.74
127.41
128.32
129.23
126.09
124.31
126.65
128.25
128.94
129.87
131.11
132.4
133.78
135.61
137.05
137.03
134.17
134.28
137.7
141.14
144.28
147.33
150.37
153.36
158.68
166.72
175.34
180.17
182.66
184.57
186.22
188.19
189.86
191.29
194.6
196.28
197.62
199.64
200.95
202.39
204.73
207.24
210.03
212.84
216.1
219.75
224.25
229
234.96
241.53
247.99
254.43
260.54
266.3
272.04
279.94
290.3
299.12
306.85
321.68
342.96
366.19
391.15
417.22
437.86
450.82
457.09
462.29
469.29
476.06
481.18
483.83
483.94
484.57
491.4
504.03
520.59
539.43
556.79
566.45
570.92
577.09
585.24
592.24
598.02
603.13
607.98
612.37
615.8
619.15
622.61
624.59
625.84
627.14
629.19
631.84
634.72
635.99
637.08
638.14
638.72
638.95
639.11
639.04
638.36
637.57
636.41
636.8
637.91
639.3
640.61
641.72
642.14
642.21
642.24
641.91
641.64
642.5
643.27
643.84
644.67
646.04
647.74
650.36
653.34
656.41
659.42
661.42
663.48
665.93
668.6
671.18
673.76
675.89
677.65
679.58
681.74
683.63
685.21
686.26
687.32
687.74
687.66
686.99
685.86
684.36
682.8
681.59
680.57
678.75
673.6
668.67
664.82
662.07
660.4
658.06
654.72
651.18
647.63
645.73
647.33
649.55
650.65
651.21
666.59
674.44
677.05
677.47
678.47
680.91
684.55
704.68
714.02
724.52
713.76
706.72
703.81
703.45
702.46
698.23
691.79
668.17
655.88
642.51
634.95
631.87
630.19
627.91
625.74
625.4
625.81
626.31
626.31
625.87
626.41
627.34
628.15
628.65
629
629.6
630.42
630.67
630.69
629.34
626.64
623.62
620.87
618.23
614.13
607.96
600.83
594.68
589.34
585.46
581.24
576.51
571.45
566.77
563.35
560.77
557.96
554.75
549.3
543.24
539.3
535.96
533.23
530.14
526.81
523.52
520.53
517.31
515.89
514.89
512.33
509.37
506.23
503.33
500.84
498.75
497.4
496.53
496.03
495.86
495.95
496.35
496.98
497.87
499.04
500.19
501.25
502.28
503.19
504.01
504.8
505.56
506.28
506.97
507.64
508.32
508.91
509.5
510.22
511.07
512.29
513.89
515.76
517.82
519.97
522.17
524.37
526.56
528.74
530.93
532.84
534.34
535.34
535.92
536.39
536.5
535.98
534.48
532.06
528.77
524.83
520.77
516.68
512.57
508.36
504.53
501.24
499.17
497.87
497.51
498.05
499
500.23
501.82
503.46
505.07
506.87
508.38
510.49
512.82
514.88
516.82
519.04
521.39
523.87
526.05
528.2
530.48
532.19
533.49
534.75
535.9
536.77
537.36
537.76
538.3
538.56
538.48
538.1
537.36
537.67
539.18
541.53
544.3
547.34
550.53
554.13
557.98
562.2
566.62
569.79
571.84
572.94
573.43
573.54
573.4
572.85
572.12
571.26
570.38
569.46
568.27
567.01
565.77
564.56
563.36
562.19
561.06
559.89
558.7
557.34
555.76
554.04
551.58
495.66
492.15
436.47
430.24
422.9
414.75
406.11
397.04
387.54
378.28
422.49
415.98
462.84
461.05
460.91
462.01
464.14
467.22
471.14
475.81
480.65
483.99
486.27
487.86
489.04
489.97
490.74
491.36
491.82
492.21
492.6
493.06
493.63
494.27
494.96
495.69
496.38
497.02
497.67
498.32
498.94
499.58
500.33
501.18
502.08
502.98
503.88
504.78
505.66
506.49
507.27
507.73
507.7
507.28
506.62
505.77
504.79
503.72
502.56
501.29
499.93
499.28
499.99
501.59
503.74
506.35
509.32
512.58
516.09
519.81
523.72
526.38
526.69
525.53
523.35
520.33
516.68
512.58
508.04
503.18
498.02
492.98
488.33
484
480
476.31
472.86
469.56
466.39
463.29
460.29
457.78
456
454.57
453.27
452.06
450.96
450.35
451.3
453.25
455.53
457.89
460.19
462.34
464.35
466.22
468.16
471.35
474.02
475.32
475.7
475.54
475.01
474.3
473.53
474.12
475.44
475.14
474.51
474.24
474.62
475.53
476.99
478.89
481.46
482.91
483.9
485.23
486.26
487.63
489.2
490.88
492.64
494.39
495.75
497.05
497.62
497.5
498.77
502.94
508.5
514.89
521.68
528.48
536.17
548.78
568.59
591.97
615.39
636.74
655.19
669.4
689.35
709.24
729.04
737.59
736.45
730.12
720.51
708.77
697.47
688.74
673.12
656.8
639.2
627.78
620.67
617.38
617.22
619.43
623.44
629.02
635.95
644.22
653.5
663.31
672.09
679.22
684.83
689.22
692.87
695.97
698.39
700.17
701.48
702.44
703.04
708.29
716.51
725.41
734.26
742.43
750.14
757.36
764.02
770.21
775.93
775.89
772.17
767.34
762.04
757
752.08
747.51
743.37
739.73
736.57
735.54
736.13
737.62
739.97
742.76
745.98
749.41
752.88
756.34
759.8
760.83
760.08
758.39
755.94
753.07
749.87
746.53
743.3
740.5
738.17
745.62
757.81
770.73
783.41
795.3
806.28
816.47
825.83
834.08
841.28
839.41
833.24
826.44
820.25
815.02
811.01
807.91
805.74
804.31
803.36
803.13
803.66
804.79
805.99
807.31
808.73
810.35
811.88
813.44
815.1
819.24
823.1
826.16
828.44
830.22
831.54
832.38
833.02
833.29
833.57
830.9
828.09
825.87
824.38
823.4
823.02
822.86
822.96
823.38
823.84
824.68
825.02
825.22
825.29
825.19
824.79
824.48
824
823.52
822.99
822.24
822.03
821.97
821.97
822
822
822.01
822.15
822.24
822.4
816.46
806.31
794.17
781.23
768.21
755.52
743.41
731.95
721.12
711.04
707.88
709.65
714.03
719.72
726.04
732.61
738.97
745.09
750.84
756.04
760.75
765.04
768.89
772.4
775.53
778.28
780.7
782.57
784.24
785.63
786.78
787.66
788.13
788.49
788.66
788.64
788.53
788.37
788.23
788.07
787.57
787.06
786.72
786.24
785.75
785.2
784.65
784.25
783.65
783.05
791.12
802.92
814.74
826.12
836.76
846.48
855.39
863.61
871.32
878.46
876.62
870.68
864.25
858.09
852.52
847.72
843.63
840.09
837.23
834.95
833.41
832.18
831.4
830.82
830.27
829.77
829.25
828.89
828.63
828.36
824.99
820.56
816.08
811.84
807.97
804.57
801.56
798.74
796.02
793.53
797.21
803.17
809.25
814.91
819.67
823.58
826.93
829.84
832.51
834.86
834.08
832
829.8
827.83
826.49
825.62
825.11
824.82
824.77
824.95
824.27
823.39
822.47
821.53
820.76
820.12
819.42
818.92
818.28
817.59
818.54
820.17
822.01
823.87
825.62
827.35
828.98
830.43
831.95
833.32
833.68
833.61
833.44
833.31
833.12
832.96
832.95
833
832.83
832.83
833.33
834.13
835.03
835.87
836.77
837.85
838.98
840.13
841.39
842.57
843.34
843.94
844.48
845.01
845.59
846
846.35
846.63
846.97
847.41
848.13
848.87
849.77
850.63
851.54
852.43
853.41
854.37
855.18
855.9
856.42
856.73
856.92
857.18
857.33
857.46
857.3
857.16
857.11
857.12
857.19
857.49
857.88
858.3
858.81
859.3
859.83
860.57
861.47
862.31
856.97
846.93
834.91
821.74
807.73
793.22
778.44
763.04
747.15
730.99
720.81
715.19
711.58
709.16
707.72
706.79
706.44
706.65
707.23
708.43
710.05
711.94
713.89
716.06
718.15
720.43
722.69
725.04
727.9
730.55
733.22
736.01
738.69
741.2
743.7
746.13
748.64
754.57
764.89
774.43
782.93
791.04
801.22
812.11
822.88
833.12
842.75
850.74
855.05
860.66
867.11
873.68
878.16
881.77
885.54
889.64
894
896.32
897.32
897.46
897.36
897.15
896.69
896.03
895.01
893.98
892.76
891.52
889.98
888.71
887.61
886.43
885.33
885.43
885.72
885.9
886.21
886.44
886.97
887.49
887.79
888.85
890.29
890.58
891.33
892
892.92
893.79
894.74
895.43
896.25
895.89
895.14
894.66
893.91
893.94
895.64
898.4
901.02
904.16
907.56
911.86
916.39
920.81
924.98
928.63
930.54
931.72
932.91
933.88
934.82
935.52
936.11
936.57
936.85
937.13
937.5
937.79
937.92
937.98
937.71
936.18
933.79
931.64
929.81
928.25
926.79
925.01
923.43
922.09
920.9
921.22
922.65
924.22
925.82
927.11
928.19
929.63
931.04
932.36
933.78
934.82
935.47
935.94
936.29
936.67
937.12
937.44
937.86
937.99
938.08
938.39
939.2
939.87
940.55
941.27
941.94
942.65
943.06
943.56
944.04
943.72
942.43
941.22
939.91
938.61
937.32
935.96
934.28
932.41
930.7
929.84
929.44
929.3
929.2
929.43
929.44
929.68
930.3
931.09
931.58
930.9
929.67
927.99
926.27
923.99
922.12
919.95
917.88
916.1
914.53
913.86
913.94
914.13
914.62
915.38
916.29
917.17
917.91
918.62
919.05
918.16
916.4
914.44
912.3
910.18
907.72
905.46
903.41
901.51
900.07
898.32
896.13
893.91
891.47
889.27
887.49
885.49
883.28
881.01
878.65
874.04
867.03
859.3
851.3
842.25
832.73
823.28
814.02
804.8
795.73
790.2
788.24
787.34
787.15
787.92
789.09
790.03
791.18
792.57
793.87
795.39
797.16
798.87
800.58
802.37
804.18
806.28
808
809.02
810.01
812.13
814.87
819.33
823.8
828.51
832.73
836.86
841.18
845.46
849.76
853.18
855.91
856.94
858.15
858.6
858.91
859.42
859.84
860.51
861.19
861.59
862.04
862.53
862.32
862.11
861.61
859.85
850.1
837.84
824.09
809.65
794.26
778.2
761.82
745.12
728.5
712.58
704.36
698.16
692.88
688.15
683.84
679.88
676.19
672.74
669.46
666.37
663.45
660.7
668.15
679.06
691.62
705.3
719.66
734.7
750.26
766.62
783.88
801.94
810.7
817.41
823.38
828.99
834.83
840.83
846.9
852.85
858.42
863.65
868.56
872.48
875.89
878.88
881.21
883.12
884.62
885.62
886.15
886.73
886.49
886.04
885.31
884.65
883.87
882.84
881.94
880.38
878.84
876.94
875.42
873.99
872.8
871.37
870.2
868.73
867.06
866.54
866.1
868.31
871.44
874.26
876.93
879.51
881.96
884.52
886.72
888.25
889.54
888.04
885.64
883.7
880.79
877.82
874.25
870.62
867.2
863.66
860.39
857.15
853.94
850.42
847.83
845.52
843.61
841.84
840.17
838.8
837.49
835.07
832.24
829.46
826.72
824.15
822
819.97
818.03
816.01
813.85
812.9
812.49
812.3
812.26
812
811.74
811.43
811.2
811.15
811.12
811.12
811.15
810.98
810.69
810.4
810.01
809.68
809.46
809.07
808.97
808.83
808.15
806.01
803.69
801.38
799.61
798.22
796.88
796.18
795.68
795.36
795.05
795.79
796.82
797.92
798.49
798.83
798.96
798.72
798.63
798.68
799.14
800.14
800.77
801.32
802.13
803.07
804.09
804.93
804.49
803.99
803.9
803.95
804.35
804.7
805.06
805.33
805.65
805.54
806.51
807.35
807.85
808.35
808.86
809.3
808.92
808.28
807.32
806.5
809.4
815.08
820.41
825.21
829.3
833.03
837
839.64
841.92
844.21
842.58
838.15
833.89
829.67
825.78
822.77
820.05
818.88
818.43
818.07
817.54
816.79
816.17
815.47
815
814.01
813.02
811.95
810.9
809.38
807.65
805.53
803.53
801.92
800.69
799.68
798.87
798.14
797.29
797.3
797.77
798.99
800.32
801.61
801.9
801.95
801.87
801.69
801.59
801.4
801.03
800.79
800.69
800.21
800.09
800
799.67
799.53
799.96
800.58
801.31
801.72
801.87
802.4
803.41
804.34
805.15
805.93
805.91
805.56
805.11
804.6
804
803.57
803.11
802.73
802.57
802.38
802.38
802.24
801.85
801.29
800.74
800.01
799.5
799.75
800.42
799.49
797.63
795.41
793.15
790.98
788.75
786.53
783.92
780.47
775.98
771.86
768.06
764.47
760.84
757.11
752.92
748.01
742.68
737.13
731.83
727.38
723.88
722.05
721.21
720.97
721.42
722.67
724.53
726.88
729.68
732.86
735.85
737.55
738.58
739.26
739.75
740.21
740.56
740.83
741.03
741.08
740.54
739.75
738.74
738.19
739.34
741.34
748.35
760.44
779.62
798.69
818.98
840.04
863.15
885.35
906.69
927.56
945.03
958.11
965.14
972.76
976.97
979.88
979.21
977.57
970.93
961.59
948.99
934.29
917.32
898.66
878.96
858.55
838.88
819.81
804.28
790.39
777.6
765.73
754.9
744.97
738.41
733.16
728.7
724.71
721.03
717.59
714.29
711.96
710.34
709.55
709.56
710.01
710.91
712.43
714.58
717.44
720.96
724.3
727.34
730.08
732.45
734.62
736.63
738.51
740.26
741.88
742.33
741.15
737.85
733.64
728.82
723.72
718.45
712.98
707.42
701.73
696.94
693.36
691.55
690.44
689.66
688.95
688.19
687.61
686.96
686.03
684.94
683.89
682.94
681.99
681.06
680.19
679.32
678.19
676.75
675.12
673.76
672.5
671.27
670.06
669.05
667.94
666.86
665.86
665.17
664.89
664.5
664.07
663.32
661.87
659.85
657.82
655.48
652.85
650.19
647.39
644.36
641.29
638.35
635.89
633.7
631.5
629.53
627.79
626.01
624.42
623.08
621.76
620.54
619.47
618.56
617.8
617.16
616.59
616.09
615.56
615.02
614.51
614.01
613.52
613
612.44
611.86
611.27
610.68
610.08
609.48
608.9
608.64
608.63
608.66
608.66
608.6
608.48
608.23
608.3
608.53
608.78
608.71
608.37
607.98
607.63
607.34
606.76
605.86
604.2
601.98
599.4
596.65
593.86
591.12
588.6
586.33
584.73
583.93
583.89
584.57
586.21
590.33
611.52
655.41
708.07
764.11
822.49
880.47
934.74
984.47
1028.95
1068.36
1090.37
1088.34
1075.75
1058.23
1035.2
1010.29
988.25
970.09
956.43
945.35
934.57
925.08
917.2
910.52
906.7
904.81
903.52
927.57
971.26
1017.08
1060.5
1101.43
1141.03
1181.64
1223.53
1265.71
1308.03
1332.35
1320.81
1301.04
1279.27
1256.21
1231.89
1205.62
1177.12
1147.48
1116.98
1078.96
1056.93
1040.99
1029.49
1021.77
1015.67
1009.8
1004.36
999.37
994.73
990.34
986.05
981.75
977.35
972.85
969.29
966.54
964.34
961.52
956.35
949.96
943.06
935.84
928.22
920.23
911.77
902.83
893.32
884.35
877.6
871.98
866.84
862
857.49
853.27
849.24
845.36
841.72
838.29
835.05
832.12
829.41
826.87
824.49
822.12
819.86
817.8
815.92
814.21
812.62
810.99
809.32
807.65
806.02
804.54
803.2
801.97
800.82
799.72
798.69
797.7
796.74
795.77
794.82
793.91
793.07
792.28
791.57
790.95
790.43
790.01
789.66
789.4
789.18
788.98
788.66
788.3
787.9
787.51
787.1
786.66
786.22
785.77
785.31
784.87
784.53
784.23
783.92
783.56
783.17
782.82
782.52
782.3
782.13
782
781.93
781.93
782.06
786.61
792.17
798.28
804.71
811.39
818.32
825.53
832.9
840.37
847.91
851.15
853.52
855.43
857.13
858.61
859.94
861.08
862.18
863.2
864.19
865.24
866.32
867.39
868.44
869.53
870.57
871.67
872.75
873.88
874.94
871.81
867.57
862.75
857.51
851.91
846.08
839.94
833.57
827.03
820.37
817.67
815.86
814.43
813.24
812.26
811.5
810.89
810.46
810.07
809.76
809.56
809.47
809.48
809.53
809.59
809.58
809.5
809.27
809.08
808.89
808.72
808.53
808.42
808.38
808.41
808.51
808.71
808.94
809.13
809.33
809.51
809.75
809.93
810.01
810.07
809.6
808.85
807.92
806.88
805.66
804.2
802.44
800.48
798.43
796.19
794.3
792.58
790.98
789.43
787.94
786.59
785.4
784.35
783.46
782.64
781.84
781.02
780.23
779.48
778.82
778.26
777.75
777.27
776.81
776.42
776.12
775.86
775.63
775.36
774.99
774.5
773.99
773.45
772.84
772.24
771.61
771.02
770.43
769.93
769.54
769.16
768.74
768.25
767.7
767.12
766.54
765.94
765.33
764.7
764.02
763.4
762.86
762.54
762.31
762.04
761.73
761.47
761.19
761
760.74
758.99
756.32
752.87
748.88
744.54
739.86
734.81
729.47
723.74
717.85
713.16
709.11
705.45
702.09
698.92
695.94
693.1
690.41
687.82
685.31
683.5
682.17
681.22
680.55
680.17
680.06
680.16
680.48
681
681.64
681.22
680.1
678.5
676.56
674.33
671.87
669.19
666.31
663.24
660.08
657.42
657.57
660.61
664.82
669.83
675.21
680.54
686.11
692.28
699.27
706.87
712.42
715.62
718
719.64
721.08
722.77
724.65
726.5
727.89
729.01
730.02
730.87
731.5
732.29
733.11
734.13
735.24
736.16
737.05
737.94
738.63
739.09
739.65
740.23
740.95
741.8
742.51
743.21
743.9
744.39
744.73
745.2
745.71
746.31
747.07
747.74
748.37
748.95
749.36
749.64
750.03
750.5
751.21
752.05
752.74
753.33
753.8
754.06
754.29
754.65
755.11
755.71
756.14
756.27
756.16
755.82
755.51
755.33
756.27
756.3
756.89
757.14
758.07
758.28
758.04
758.1
758.24
758.04
756.67
756.37
755.81
755.68
755.01
755.31
756.24
757.12
758
759.32
760.88
762.47
763.86
765.15
766.38
767.54
768.7
769.85
770.98
772.08
772.98
773.47
773.6
773.59
771.99
769.19
765.87
764.3
763.87
763.27
762.77
762.62
762.85
763.22
765.19
768.37
772.07
774
774.79
775.72
776.71
777.72
778.71
779.67
780.6
781.5
782.4
783.29
784.15
785.01
785.85
786.68
787.47
788.26
789.04
789.84
790.6
791.38
792.18
792.98
793.8
794.57
795.36
796.14
796.91
797.64
798.41
799.15
799.85
800.56
801.25
801.96
802.67
803.39
804.1
804.84
805.56
806.26
806.99
807.67
808.36
809.06
809.74
810.39
811.03
811.67
812.31
812.95
813.59
814.27
814.93
815.57
816.22
816.86
817.51
818.13
818.73
819.31
819.84
820.35
820.86
821.36
821.84
822.32
822.77
823.22
823.67
824.12
824.54
824.96
825.35
825.73
826.09
826.44
826.8
827.14
827.44
827.75
828.09
828.4
828.7
829
829.27
829.54
829.79
830.06
828.27
824.11
818.63
812.3
805.26
797.61
789.44
780.82
771.78
762.36
754.65
748.95
744.24
740.09
736.37
732.99
729.89
727
724.3
721.74
719.61
718.07
717.02
716.38
716.03
716.01
716.31
716.92
717.85
719.04
719.65
719.26
718.25
716.81
715.09
713.05
710.73
708.13
705.26
702.16
703.38
708.03
714.12
721.3
729.71
739.16
749.27
759.59
769.91
780.37
786.98
790.91
793.86
796.05
797.32
797.86
797.99
798.15
798.55
799.05
799.61
800.21
800.84
801.5
802.16
802.81
803.45
804.11
804.75
805.36
805.99
806.6
807.19
807.78
808.37
808.94
809.53
810.07
810.62
811.16
811.7
812.24
812.78
813.31
813.84
814.35
814.86
815.38
815.88
816.41
816.95
817.5
818
818.49
818.94
819.38
819.81
820.23
820.61
820.98
821.31
821.6
821.93
822.27
822.66
823.05
823.44
823.83
824.23
824.61
824.99
825.38
825.76
826.11
826.41
826.73
827.03
827.34
827.66
827.95
828.24
828.54
828.83
829.11
829.39
829.65
829.91
830.15
830.4
830.65
830.91
831.14
831.37
831.59
831.82
832.05
832.29
832.52
832.72
832.94
833.14
833.36
833.58
833.8
833.99
834.19
834.4
834.61
834.81
835.02
835.23
835.41
835.6
835.81
836.01
836.21
836.36
836.52
836.7
836.85
836.99
837.16
837.31
837.45
837.6
837.73
837.87
838.01
838.13
838.25
838.38
838.49
838.61
838.71
838.82
838.96
839.1
839.22
839.34
839.45
839.56
839.68
839.77
839.88
840
840.08
840.17
840.28
840.39
840.51
840.63
840.73
840.85
840.96
841.18
841.34
841.46
841.51
841.52
841.52
841.5
841.45
841.37
841.28
841.09
840.95
840.81
840.75
840.73
840.73
840.76
840.84
840.94
841.06
841.15
841.25
841.39
841.52
841.67
841.81
841.91
842
842.1
842.2
842.3
842.4
842.51
842.58
842.68
842.76
842.89
842.98
843.08
843.16
843.27
843.39
843.47
843.57
843.64
843.72
843.76
843.84
843.91
843.96
843.98
843.98
844.01
844.04
844.05
844.08
844.07
844.03
843.99
843.99
844.01
844.08
844.16
844.24
844.31
844.37
844.48
844.62
844.75
844.86
844.94
844.96
844.94
844.91
844.95
844.85
844.7
844.52
844.35
844.19
843.99
843.78
843.56
843.3
842.96
842.72
842.49
842.29
841.99
841.64
841.31
840.97
840.61
840.24
839.89
839.5
839.09
838.68
838.29
837.91
837.56
837.22
836.9
836.62
836.34
836.1
835.91
835.71
835.55
835.43
835.31
835.22
835.13
835.06
834.98
834.94
834.89
834.87
834.87
834.85
834.82
834.77
834.75
834.72
834.65
834.55
834.43
834.27
834.12
833.94
833.73
833.54
833.3
833.03
832.78
832.58
832.38
832.18
831.95
831.74
831.54
831.34
831.17
831.04
830.94
830.8
830.69
830.65
830.75
830.89
831.04
831.18
831.33
831.46
831.58
831.69
831.8
831.84
831.76
831.64
831.54
831.43
831.31
831.22
831.15
831.06
830.98
830.89
830.8
830.83
830.81
830.76
830.71
830.63
830.52
830.45
830.36
830.31
830.4
830.32
830.23
830.15
830.07
830
829.94
829.9
829.86
829.78
829.56
829.41
829.31
829.24
829.16
829.1
829.04
828.96
828.89
828.85
828.79
828.73
828.65
828.59
828.55
828.47
828.41
828.33
828.25
828.15
828.07
827.98
827.93
827.86
827.8
827.74
827.66
827.58
827.5
827.43
827.37
827.3
827.22
827.14
827.05
826.98
826.91
826.87
826.82
826.78
826.72
826.68
826.64
826.6
826.57
826.51
826.47
826.41
826.37
826.33
826.3
826.26
826.22
826.19
826.15
826.15
826.13
826.09
826.06
826.01
825.96
825.92
825.93
825.92
825.92
825.89
825.84
826.06
826.19
826.19
826.1
825.98
825.78
825.59
825.37
825.2
825.07
824.73
824.47
824.33
824.28
824.24
824.22
824.23
824.24
824.23
824.2
824.15
824.07
824.01
823.97
823.93
823.89
823.79
823.76
823.69
823.62
823.54
823.49
823.47
823.44
823.43
823.42
823.45
823.43
823.46
823.5
823.52
823.52
823.49
823.44
823.41
823.38
823.34
823.3
823.25
823.2
823.16
823.13
823.09
823.07
823.03
823
822.98
822.96
822.94
822.9
822.89
822.83
822.81
822.75
822.71
822.66
822.6
822.54
822.49
822.47
822.41
822.4
822.35
822.34
822.3
822.27
822.24
822.22
822.18
822.12
822.08
822.03
821.98
821.91
821.87
821.82
821.78
821.71
821.66
821.63
821.58
821.54
821.51
821.49
821.43
821.37
821.32
821.28
821.25
821.17
821.17
821.15
821.1
821.06
821.05
821.04
821.09
821.17
821.19
821.25
821.24
821.26
821.29
821.32
821.36
821.39
821.35
821.3
821.29
821.26
821.26
821.27
821.3
821.32
821.31
821.33
821.37
821.36
821.34
821.35
821.39
821.4
821.43
821.48
821.56
821.6
821.61
821.67
821.75
821.83
821.83
821.86
821.85
821.83
821.8
821.89
821.98
822.09
822.14
822.18
822.25
822.28
822.34
822.37
822.43
822.35
822.29
822.22
822.16
822.12
822.08
822.02
821.96
821.94
821.85
821.8
821.74
821.64
821.62
821.57
821.53
821.52
821.52
821.5
821.5
821.54
821.56
821.63
821.61
821.63
821.65
821.66
821.7
821.74
821.82
821.86
821.93
821.96
822.03
822.07
822.1
822.17
822.17
822.17
822.14
822.13
822.1
822.09
822.08
822.08
822.07
822.05
822.09
822.12
822.14
822.18
822.27
822.36
822.44
822.5
822.62
822.71
822.74
822.79
822.87
822.92
822.9
822.88
822.88
822.91
822.88
822.86
822.9
822.93
822.92
822.91
822.94
822.97
823
823.05
823.11
823.16
823.16
823.17
823.19
823.21
823.21
823.27
823.32
823.31
823.28
823.27
823.25
823.26
823.29
823.31
823.33
823.28
823.22
823.16
823.17
823.25
823.39
823.57
824.99
826.39
829.26
831.67
833.65
835.34
836.75
837.99
839.11
840.11
839.77
839.41
837.45
837.12
838.1
840.15
842.9
846.14
849.78
853.92
858.47
863.35
868.71
873.22
876.98
880.15
883.42
886.76
890.18
893.45
896.7
899.95
903.13
906.24
909.49
912.86
915.93
918.8
921.47
924.04
926.51
928.92
931.29
933.7
936.13
938.49
940.81
943.01
945.22
947.5
949.62
950.87
949.88
946.63
941.82
936.87
936.27
937.37
938.72
939.38
941.58
945.5
952.43
961.3
971.3
981.1
986.14
989.01
991.06
993.13
993.01
991.46
988.44
985.07
981.62
977.57
973.21
968.96
964.9
961.03
957.61
954.5
951.73
949.36
947.03
945.26
943.86
942.61
941.23
940.04
938.94
937.83
936.77
935.61
934.58
933.66
932.78
931.89
931.26
930.58
929.92
929.3
928.69
928.14
927.6
927.03
926.48
925.95
925.39
924.83
924.28
923.68
923.11
922.52
921.93
921.37
920.85
920.33
919.83
919.33
918.83
918.3
917.74
917.12
916.45
915.76
915.04
914.3
913.57
912.86
912.04
911.28
910.49
909.7
908.89
908.03
907.14
906.26
905.32
904.4
903.53
902.66
901.8
901.01
900.23
899.59
898.95
898.35
897.77
897.17
896.61
896.05
895.51
895.17
894.89
894.61
894.33
893.99
893.67
893.38
893.14
892.91
892.73
892.3
891.85
891.47
891.13
890.71
890.33
889.98
889.57
889.11
888.65
888.22
887.82
887.28
886.72
886.3
885.95
885.52
885.14
884.63
883.82
882.99
882.17
881.32
880.52
879.7
878.8
877.96
877.1
876.46
876.11
875.81
875.51
875.27
874.95
874.65
874.35
874.02
873.75
873.45
873.16
872.82
872.49
872.16
871.94
871.65
871.48
871.39
871.2
871.04
870.88
870.79
870.7
870.63
870.19
869.79
869.27
868.7
868.19
867.57
866.98
866.33
865.7
865
864.67
864.38
864.07
863.75
863.38
863.07
862.71
862.41
862.06
861.8
861.49
861.23
860.94
860.65
860.38
860.17
860.09
860.1
860.26
860.22
860.15
860.02
859.95
859.89
859.82
859.8
859.77
859.72
859.54
859.29
858.6
857.85
857.12
856.4
855.78
855.11
854.4
853.69
853.02
852.81
853.76
854.8
855.75
856.71
857.46
858.1
858.63
859.09
859.48
859.38
857.86
856.19
854.53
852.82
851.26
852.11
853.22
854.26
855.31
856.52
858.45
860.46
862.53
864.56
866.61
866.32
865.75
865.25
864.77
864.22
863
861.7
860.37
859.03
857.62
856.21
854.86
853.49
852.12
850.92
850.44
850.05
849.67
849.34
849.02
848.68
848.32
847.94
847.59
847.2
846.79
846.38
845.99
845.58
845.21
844.85
844.52
844.19
843.85
843.55
843.22
842.95
842.68
842.45
842.19
841.94
841.68
841.43
841.16
840.88
840.6
840.31
839.98
839.67
839.37
839.08
838.78
838.5
838.22
837.96
837.71
837.42
837.17
836.9
836.62
836.35
836.07
835.79
835.59
835.43
836.98
838.79
840.58
842.37
844.2
845.99
847.8
849.61
851.35
853.03
851.74
850.03
848.28
846.5
844.66
842.84
840.99
839.11
837.23
835.38
834.9
834.59
834.34
834.12
833.95
833.75
833.6
833.49
833.4
833.28
832.9
832.51
832.12
831.7
831.26
830.84
830.42
829.93
829.47
828.98
828.64
828.31
827.98
827.68
827.4
827.09
826.75
826.45
826.09
825.75
825.39
825.04
824.69
824.33
823.98
823.69
823.44
823.2
822.97
822.71
822.47
822.22
821.96
821.72
821.45
821.15
820.83
820.48
820.14
819.85
819.58
819.32
819.07
818.82
818.57
818.31
818.04
817.78
817.54
817.29
817
816.74
816.48
816.2
815.93
815.67
815.43
815.19
814.95
814.69
814.45
814.19
813.93
813.63
813.32
813.07
812.8
812.51
812.19
811.88
811.61
811.32
811.04
810.82
810.62
810.47
810.49
810.68
810.97
811.29
811.55
814.76
817.86
820.82
823.55
825.17
827.11
828.8
830.49
832.29
834.25
833.4
832.67
832.08
831.72
832.37
832.5
832.73
832.84
832.81
832.62
832.26
831.87
831.44
830.98
830.5
830.04
829.59
829.16
828.74
828.31
827.91
827.49
827.06
826.64
826.21
825.78
825.32
824.87
823.97
822.69
821.39
820.11
818.85
817.57
816.28
814.95
813.64
812.3
811.45
811.11
810.8
810.47
810.11
809.79
809.52
809.3
809.11
808.94
808.73
808.47
808.24
808.07
807.94
807.83
807.75
807.74
807.76
807.81
807.9
807.92
807.85
807.71
807.54
807.31
807.02
806.64
806.18
805.7
804.86
803.78
802.8
801.88
801.05
800.32
799.64
799.03
798.5
797.98
798.05
798.44
798.74
799.05
799.3
799.47
799.58
799.64
799.65
799.63
800
801.04
802.11
803.02
803.84
804.57
805.24
805.94
806.64
807.3
807.26
806.44
805.6
804.85
804.15
803.51
802.9
802.23
801.52
800.83
800.21
799.68
799.17
798.59
797.98
797.33
796.65
795.93
795.19
794.41
793.53
792.55
791.5
790.54
789.63
788.78
788
787.25
786.55
785.87
785.17
784.5
783.91
783.3
782.69
782.08
781.47
780.88
780.3
779.76
779.16
778.54
778.04
777.65
777.31
776.97
776.59
776.18
775.71
775.22
774.87
774.42
773.78
773.02
772.19
771.36
770.56
769.79
769.06
768.33
767.36
766.07
764.84
763.69
762.62
761.59
760.59
759.63
758.71
757.83
757.4
757.92
758.58
759.22
759.79
760.31
760.79
761.25
761.68
762.09
762.29
761.92
761.44
760.99
760.58
760.22
759.9
759.57
759.26
758.97
758.66
758.45
758.26
758.04
757.8
757.55
757.27
757
756.71
756.41
756.18
756.01
755.8
755.54
755.28
754.99
754.7
754.41
754.12
753.84
753.53
753.13
752.73
752.35
751.96
751.56
751.17
750.76
750.35
749.91
749.45
748.96
748.45
747.91
747.37
746.83
746.27
745.72
745.16
744.63
743.94
743.21
742.6
742.12
741.73
741.41
741.13
740.85
740.58
740.29
740.19
740.09
739.84
739.48
739.05
738.58
738.07
737.57
737.08
736.61
735.65
734.3
732.98
731.69
730.5
729.39
728.46
727.66
727.01
726.51
726.25
719.49
709.55
698.27
686.06
673.32
660.44
648.11
637.3
628.03
620.65
623.81
633.5
645.24
657.75
670.52
683.19
695.13
705.33
713.77
720.54
723.75
723.7
722.99
722.32
721.84
721.46
721.12
720.84
720.62
720.41
720.22
719.98
719.6
719.16
718.65
718.11
717.57
716.99
716.41
715.08
712.79
710.35
708
705.81
703.75
701.78
699.92
698.18
696.52
696.48
698.54
700.93
703.27
705.45
707.48
709.39
711.13
712.74
714.25
713.43
709.06
703.72
698.23
695
695.51
699.24
706.06
715.34
726.94
743.86
758.64
769.94
779.62
786.25
788.78
788.01
785.19
781.74
777.82
771.77
774.74
788.05
808.29
834.25
864.19
896.78
933.7
972.36
1011.88
1051.83
1093.99
1132.72
1167.79
1197.09
1222.74
1246.06
1264.85
1276.53
1278.63
1275.47
1263.79
1247.97
1229.28
1210.48
1190.97
1170.66
1149.18
1130.86
1118.97
1109.74
1102.01
1095.32
1089
1082.19
1075.2
1068.17
1060.78
1053.29
1045.61
1037.82
1029.91
1022.1
1014.91
1008.93
1003.56
998.59
994.14
989.82
986.15
983.05
980.48
978.13
976.08
974.17
972.55
971.15
969.72
968.65
967.18
965.44
963.43
961.54
959.6
957.6
955.77
953.71
951.7
949.87
948.94
948.83
949.28
949.98
951.22
952.81
954.46
955.37
955.88
956.58
957.02
957.11
957.12
957.24
957.08
956.35
955.19
955.2
956.13
956.85
957.58
958.34
959.05
959.47
959.82
960.62
961.6
962.41
962.89
963.22
963.3
963.28
963.01
962.46
961.9
961.33
960.89
960.43
959.89
959.33
958.84
958.05
957.32
956.59
955.77
955.08
955.52
954.61
953.12
950.94
948.12
944.97
941.42
937.65
933.63
929.3
923.47
918.83
915.17
912.2
909.59
907.29
905.04
902.87
900.69
897.95
895.09
892.07
888.48
884.64
880.74
876.77
872.89
869.15
865.53
862.47
859.76
857.18
854.69
852.32
850.04
847.83
845.66
843.56
841.53
839.55
837.63
835.87
834.25
832.73
831.29
829.92
828.6
827.3
826.04
824.79
823.51
822.18
820.82
819.44
818.03
816.65
815.27
813.87
812.47
811.09
809.71
808.33
806.98
805.7
804.49
803.27
802.1
800.99
799.92
798.87
797.86
796.86
795.81
794.71
793.58
792.45
791.38
790.37
789.43
788.58
787.81
787.1
786.31
785.36
784.33
783.26
782.11
780.92
779.55
778.05
776.4
774.71
773.09
771.62
770.24
768.88
767.54
766.19
764.99
763.89
762.79
761.88
761.58
761.96
762.81
763.83
764.99
766.38
768
769.84
772.06
774.13
776.13
778.79
781.88
785.8
790.25
794.89
799.65
804.52
809.33
814.41
819.3
823.17
826.46
829.03
831.13
833.03
834.74
836.3
837.81
839.19
840.51
841.74
842.83
843.86
844.75
845.56
846.32
847.02
847.77
848.49
849.09
849.54
849.87
850.1
850.36
850.48
850.04
849.2
848.17
847.03
845.72
844.63
843.65
842.71
841.71
840.79
840.38
840.3
840.22
840.18
840.26
840.19
839.96
839.68
839.35
839
838.62
838.25
837.85
837.42
836.95
836.38
835.87
835.31
834.81
834.31
833.79
833.2
832.59
831.91
831.28
830.61
829.93
829.29
828.84
828.83
828.92
829.06
829.25
829.46
829.45
829.53
829.92
830.67
831.46
831.87
832.21
832.56
832.93
833.34
833.94
834.51
833.85
832.41
830.75
828.49
825.88
822.98
819.79
816.48
813.11
809.72
806.94
804.12
801.2
798.84
796.78
795
793.45
792.03
790.67
789.35
788.43
788.51
788.93
789.47
790.06
790.73
791.59
792.71
793.88
795.07
796.62
797.76
798.63
799.36
799.98
800.5
800.87
801.09
801.42
801.77
801.66
801.37
800.88
800.25
799.67
799.1
798.49
797.66
796.59
795.54
794.53
793.51
792.71
792.15
791.33
790.3
789.22
788.22
787.21
786.11
784.99
783.88
782.75
781.43
780.25
779.21
778.21
777.23
776.26
775.29
774.3
773.21
772.09
771.02
770.05
769.12
768.17
767.19
766.21
765.15
764.06
763.07
762.1
761.11
760.38
759.74
759.21
758.69
758.24
757.79
757.32
756.8
756.27
755.75
754.89
753.82
752.59
751.2
749.74
748.29
746.84
745.35
743.81
742.22
740.64
739.12
739.81
741.54
743.71
748.61
754.2
759.29
764.26
769.2
774.06
779.06
781.84
783.64
785.37
784.41
782.91
781.98
781.28
780.69
780.3
779.93
779.73
779.8
779.54
779.38
779.21
779.17
779.16
779.21
779.4
779.69
780.06
780.4
780.84
781.31
781.8
782.25
782.84
783.5
784.09
784.52
784.84
785.11
785.21
785.12
784.76
784.29
783.44
782.21
780.65
778.81
776.7
774.06
770.89
767.49
764.07
760.56
757.1
753.79
750.66
747.68
744.86
742.46
740.64
739.12
737.77
736.55
735.41
734.34
734.3
734.84
735.94
737.56
739.84
742.42
744.73
742.44
738.52
733.2
731.49
732.38
730.96
727.79
723.24
718.24
713.35
712.89
714.05
716.49
713.71
706.96
701.88
698.13
695.13
692.24
689.44
686.79
684.09
681.5
679.55
678.49
677.42
676.12
674.74
673.75
672.49
671.16
669.8
668.46
667.07
665.5
662.84
659.94
656.87
653.32
649.98
646.64
643.36
640.01
636.72
633.6
631.88
630.69
629.89
629.31
629.04
629.03
629.2
629.63
630.15
630.8
631.42
632.11
632.79
633.5
634.14
634.7
635.2
635.57
635.86
636.06
636.23
636.2
636.14
636
635.78
635.47
635.12
634.76
634.4
633.97
633.33
632.64
631.87
631.09
630.3
629.54
628.73
627.92
627.08
626.3
625.8
625.46
625.11
624.77
624.47
624.18
623.97
623.74
623.53
623.33
622.92
622.38
621.84
621.26
620.62
619.95
619.22
618.49
617.77
617.02
616.27
615.57
615.17
615.14
615.28
615.63
616.14
616.8
617.54
618.38
619.88
621.55
622.97
624.12
625.1
625.91
626.58
627.11
627.57
628.05
631.01
634.8
638.99
643.4
648.04
652.82
657.76
662.81
667.99
673.17
675.39
676.69
677.52
678.53
679.54
680.5
681.42
682.3
682.91
683.15
683.26
683.29
683.53
684.12
684.77
685.49
686.23
686.99
687.94
689.2
690.55
691.95
693.22
693.75
694.08
694.29
694.44
694.56
694.69
694.8
694.88
694.94
694.99
695.02
695
694.97
694.95
694.93
694.89
694.87
694.86
694.84
694.81
694.77
694.76
694.73
694.62
693.42
691.93
690.27
688.49
686.67
684.8
682.87
680.88
678.87
676.82
675.96
675.38
674.91
674.53
674.23
673.98
673.77
673.62
673.46
673.42
673.33
673.3
673.35
673.46
673.54
673.61
673.75
673.91
674.16
674.41
674.61
674.78
674.92
675.05
675.18
675.36
675.48
675.55
675.55
675.52
675.15
674.59
673.91
673.1
672.24
671.27
670.24
669.19
668.09
666.95
666.29
665.77
665.39
665.1
664.81
664.56
664.35
664.14
663.97
663.95
665.71
668
670.5
673.13
675.91
678.78
681.72
684.75
687.82
690.77
691.67
692.04
692.16
692.17
692.07
691.94
691.76
691.5
691.24
690.97
690.93
690.95
690.96
690.96
690.96
690.91
690.85
690.8
690.75
690.71
690.71
690.91
691.3
691.81
692.44
693.23
694.3
695.75
696.98
698.22
699.3
700.08
700.71
701.39
702.08
702.72
703.2
703.71
704.72
705.91
707.23
708.07
708.59
708.75
708.65
708.39
707.93
707
705.72
704.21
702.53
701.33
700.38
699.58
698.84
698.15
697.51
696.91
696.32
695.74
695.16
694.58
694.01
693.43
692.9
692.38
691.87
691.37
690.89
690.33
689.08
688.14
687.32
686.38
685.44
684.57
683.86
683.4
683
682.76
683.63
684.43
685.29
686.45
687.73
689.07
690.31
691.1
691.76
692.4
693.51
695.36
697.43
699.23
700.89
702.41
703.92
705.64
707.52
709.4
710.44
710.64
710.48
710.45
710.45
710.51
710.56
710.63
710.66
710.69
710.69
710.83
711.03
711.35
711.82
712.33
712.95
713.62
714.34
715.11
716.19
717.16
718.16
719.11
719.99
720.83
721.63
722.41
723.19
723.97
724.66
725.33
726.22
727.33
728.73
730.39
732.2
734.22
736.38
738.64
740.84
743.09
745.21
747.2
748.96
750.61
752.26
753.81
755.27
756.68
757.96
758.71
759.04
759.05
758.83
758.32
757.5
756.48
755.26
753.85
752.39
751.25
750.33
749.55
748.86
748.25
747.67
747.12
746.62
746.11
745.22
744.22
743.16
742.08
740.97
739.83
738.72
737.6
736.44
735.38
735.2
735.28
735.46
735.7
736
736.35
736.72
737.11
737.56
737.97
737.89
737.73
737.5
737.27
736.99
736.71
736.42
736.11
735.79
735.57
736.27
737.35
738.63
739.84
740.91
741.91
742.94
744.03
745.17
746.27
746.5
746.33
746.03
745.81
745.76
745.66
745.32
744.9
744.38
743.71
742.09
740.17
737.99
735.62
733.13
730.66
728.31
725.91
723.49
721.09
719.78
719.29
719.23
719.36
719.64
720
720.46
721
721.61
722.28
722.83
723.02
723.07
723.08
723.04
723.19
723.48
723.82
724.1
724.3
724.29
724.05
723.68
723.26
722.81
722.7
722.68
722.78
722.98
723.07
723.33
723.7
724.15
724.83
725.75
726.35
726.86
727.42
728.13
729.21
730.41
731.7
733.07
734.37
735.55
736.61
737.59
738.49
739.25
739.9
740.49
741.03
741.55
742
742.46
743
743.51
743.92
744.4
744.88
745.34
745.83
746.31
746.83
747.33
747.75
748.25
748.82
749.33
749.84
750.28
750.35
750.12
749.66
749
748.15
747.09
745.88
744.52
743.03
741.2
739.49
737.96
736.5
735.12
733.83
732.57
731.32
730.1
728.96
728.46
728.12
727.83
727.62
727.45
727.27
727.12
726.99
726.91
726.79
726.59
726.68
726.95
727.32
727.72
728.2
728.75
729.38
730.08
730.83
731.41
731.71
731.85
731.94
732.04
732.12
732.18
732.18
732.15
732.12
732.07
731.97
731.85
731.52
731.03
730.44
729.68
728.78
727.76
726.7
725.59
724.43
723.25
722.23
721.33
720.49
719.77
719.19
718.67
718.14
717.78
717.51
717.35
717.28
717.21
717.13
717.08
717.06
717.08
717.14
717.13
717.35
717.67
718
718.42
718.92
719.46
720.03
720.63
721.23
721.77
722.06
722.15
722.13
722.04
721.9
721.72
721.48
721.21
720.93
720.66
720.18
719.63
719.02
718.34
717.61
716.82
715.96
715.06
714.14
713.16
712.36
711.61
710.91
710.26
709.62
709.01
708.42
707.85
707.29
706.77
706.26
705.76
705.27
704.78
704.3
703.81
703.35
702.87
702.33
701.87
701.42
700.82
700.06
699.21
698.31
697.41
696.51
695.61
694.77
694.1
693.49
693.05
692.78
692.59
692.44
692.32
692.22
692.14
692.04
691.73
691.61
691.63
691.73
691.89
692.13
692.41
692.67
692.97
693.32
693.64
693.84
694.01
694.13
694.24
694.34
694.45
694.63
694.81
694.98
695.16
695.25
695.24
695.24
695.25
695.26
695.24
695.2
695.15
695.11
695.02
694.89
694.77
694.67
694.33
693.87
693.37
692.85
692.31
691.73
691.22
690.73
690.21
689.63
689.26
688.96
688.78
688.62
688.46
688.31
688.26
688.32
688.43
688.55
688.69
688.86
688.97
689.05
689.17
689.33
689.31
689.09
688.8
688.47
688.13
687.76
687.37
686.98
686.55
686.05
685.34
684.67
684.03
683.41
682.76
682.11
681.43
680.75
680.09
679.46
679.08
678.74
678.4
678.06
677.72
677.4
677.09
676.78
676.45
676.17
676.14
676.17
676.22
676.29
676.38
676.47
676.57
676.67
676.78
676.86
676.69
676.54
676.43
676.34
676.26
676.2
676.15
676.13
676.12
676.12
676.16
676.18
675.61
674.94
674.25
673.42
672.53
671.59
670.59
669.57
668.59
667.58
667.09
666.66
666.21
665.87
665.59
665.34
665.15
664.96
664.67
664.35
664.05
663.74
663.43
663.12
662.79
662.44
662.08
661.7
661.33
660.96
660.58
660.2
659.82
659.44
659.08
658.74
658.38
658.04
657.7
657.35
657
656.66
656.33
656
655.65
655.27
654.91
654.54
654.23
653.97
653.72
653.48
653.25
653.03
652.83
652.63
652.42
652.21
651.95
651.63
651.3
650.96
650.61
650.24
649.85
649.49
649.11
648.74
648.67
648.75
648.77
648.81
648.9
648.85
648.76
648.62
648.47
648.3
647.81
647.19
646.63
646.05
645.43
645.05
644.82
644.66
644.55
644.46
644.4
644.34
644.29
644.23
644.1
643.85
643.49
643.1
642.65
642.18
641.69
641.19
640.66
640.14
639.69
639.26
638.85
638.45
638.07
637.71
637.34
636.97
636.62
636.28
635.95
635.64
635.31
634.99
634.68
634.37
634.07
633.78
633.49
633.19
632.88
632.55
632.23
631.88
631.52
631.15
630.8
630.44
630.09
629.79
629.55
629.35
629.16
628.98
628.82
628.67
628.51
628.38
628.23
628.04
627.8
627.54
627.25
626.97
626.7
626.41
626.12
625.81
625.49
625.17
624.84
624.53
624.24
623.93
623.61
623.3
622.98
622.63
622.27
621.9
621.53
621.11
620.67
620.21
619.72
619.27
618.84
618.36
617.85
617.25
616.56
615.81
615.01
614.2
613.37
612.46
611.51
610.62
609.77
608.98
608.25
607.55
606.89
606.25
605.65
605.09
604.54
603.97
603.43
602.91
602.42
601.96
601.53
601.11
600.68
600.24
599.79
599.37
598.94
598.52
598.07
597.62
597.14
596.65
596.13
595.62
595.1
594.6
594.09
593.59
593.15
592.74
592.35
591.96
591.6
591.2
590.83
590.43
590.04
589.64
589.19
588.72
588.25
587.8
587.34
586.92
586.51
586.11
585.72
585.34
585.27
585.45
585.78
586.52
587.42
588.12
588.74
589.36
589.98
590.6
590.93
591.01
590.94
590.48
589.88
589.48
589.16
588.85
588.55
588.25
587.96
587.68
587.4
587.12
586.85
586.6
586.33
586.07
585.79
585.5
585.22
584.94
584.68
584.42
584.18
583.93
583.71
583.51
583.31
583.14
582.95
582.77
582.58
582.38
582.18
581.96
581.74
581.5
581.25
581
580.75
580.47
580.2
579.92
579.62
579.34
579.07
578.79
578.55
578.31
578.06
577.82
577.57
577.33
577.1
576.85
576.59
576.35
576.08
575.78
575.51
575.26
575.01
574.73
574.44
574.17
573.92
573.7
573.53
573.38
573.24
573.1
572.97
572.87
572.75
572.38
572.17
571.98
571.77
571.57
571.36
571.15
570.94
570.73
570.53
570.6
570.56
570.5
570.46
570.41
570.35
570.29
570.22
570.16
570.14
570.12
570.04
569.91
569.73
569.56
569.4
569.23
569.1
568.97
568.8
568.63
568.46
568.3
568.17
568.01
567.86
567.7
567.53
567.34
567.16
566.97
566.76
566.57
566.33
566.12
565.89
565.67
565.43
565.19
564.97
564.75
564.54
564.32
564.13
563.93
563.73
563.53
563.33
563.16
562.97
562.79
562.59
562.39
562.18
561.98
561.79
561.63
561.46
561.27
561.08
560.88
560.71
560.54
560.4
560.26
560.11
559.92
559.77
559.64
559.53
559.42
559.31
559.18
559.02
558.86
558.69
558.54
558.35
558.15
557.93
557.72
557.51
557.31
557.12
556.92
556.72
556.49
556.27
556.03
555.79
555.56
555.33
555.09
554.85
554.61
554.37
554.17
553.96
553.76
553.58
553.38
553.19
552.99
552.8
552.62
552.45
552.27
552.11
551.96
551.79
551.63
551.46
551.33
551.21
551.09
550.98
550.87
550.73
550.57
550.42
550.28
550.11
549.93
549.74
549.54
549.33
549.13
548.97
548.84
548.73
548.61
548.5
548.37
548.22
548.08
547.96
547.84
547.69
547.54
547.37
547.21
547.06
546.93
546.81
546.68
546.55
546.42
546.3
546.17
546.04
545.89
545.74
545.57
545.41
545.25
545.06
544.88
544.69
544.49
544.3
544.12
543.94
543.8
543.65
543.5
543.35
543.16
542.97
542.79
542.59
542.37
542.15
541.89
541.62
541.33
541.04
540.76
540.5
540.21
539.94
539.71
539.52
539.37
539.25
539.16
539.08
539.03
538.96
538.91
538.85
538.77
538.65
538.51
538.35
538.17
537.99
537.79
537.6
537.42
537.22
537.02
536.81
536.61
536.41
536.23
536.04
535.86
535.66
535.46
535.3
535.12
534.93
534.72
534.52
534.29
534.09
533.88
533.71
533.53
533.33
533.15
533
532.86
532.71
532.58
532.45
532.33
532.19
532.06
531.92
531.78
531.62
531.46
531.3
531.12
530.92
530.69
530.45
530.18
529.94
529.69
529.46
529.24
529.03
528.84
528.65
528.49
528.32
528.17
528.02
527.87
527.7
527.52
527.31
527.13
526.96
526.76
526.58
526.39
526.21
526.03
525.89
525.75
525.64
525.52
525.4
525.3
525.21
525.11
525.02
525.04
525.08
525.13
525.17
525.2
525.22
525.27
525.32
525.39
525.43
525.35
525.25
525.15
525.04
524.93
524.81
524.64
524.48
524.34
524.18
524.03
523.86
523.69
523.53
523.36
523.2
523.07
522.92
522.75
522.58
522.42
522.29
522.19
522.11
522.05
522
521.95
521.91
521.87
521.84
521.8
521.72
521.6
521.48
521.35
521.22
521.09
520.95
520.83
520.69
520.58
520.48
520.41
520.33
520.23
520.13
520.02
519.89
519.73
519.59
519.41
519.22
518.99
518.72
518.47
518.2
517.94
517.69
517.32
516.86
516.36
515.84
515.29
514.76
514.19
513.6
513
512.42
512.11
511.95
511.83
511.75
511.69
511.64
511.64
511.68
511.72
511.65
511.15
510.45
509.68
508.84
507.95
507.01
506.01
504.95
503.85
502.8
502
501.29
500.63
499.96
499.32
498.69
498.06
497.45
496.85
496.26
495.67
495.11
494.54
494
493.45
492.9
492.37
491.83
491.27
490.72
490.18
489.64
489.1
488.56
488.03
487.52
487
486.52
486.04
485.61
485.31
485.09
485.04
485.28
485.7
486.23
486.86
487.54
488.32
489.12
489.89
490.67
491.37
491.85
492.2
492.49
492.74
492.95
493.12
493.28
493.4
493.45
493.47
493.51
493.61
493.74
493.88
494.06
494.23
494.4
494.61
494.85
495.09
495.28
495.39
495.44
495.46
495.43
495.41
495.37
495.26
495.11
494.95
494.78
494.61
494.42
494.21
494.01
493.79
493.55
493.33