20.2
20.2
20.2
20.2
20.2
20.2
20.2
20.2
20.2
20.2
20.2
20.2
20.2
20.21
20.22
20.23
20.24
20.24
20.24
20.24
20.24
20.24
20.24
20.23
20.22
20.22
20.21
20.21
20.21
20.21
20.21
20.22
20.23
20.24
20.24
20.24
20.24
20.25
20.26
20.27
20.28
20.29
20.3
20.31
20.32
20.32
20.34
20.34
20.34
20.34
20.33
20.32
20.31
20.31
20.32
20.33
20.34
20.36
20.38
20.39
20.43
20.47
20.51
20.55
20.61
20.7
20.8
20.95
21.13
21.36
21.62
21.93
22.31
22.86
23.6
24.57
25.82
27.13
28.41
29.63
30.88
32.18
33.49
34.64
35.52
36.08
36.29
36.34
36.35
36.35
36.24
36.01
35.74
35.53
35.54
35.78
36.12
36.52
37.09
38.02
39.38
41.06
42.96
44.98
47.02
49.02
51.14
53.42
55.71
57.78
59.54
61.08
62.47
63.8
65
66.23
67.48
68.7
69.87
70.99
72.08
73.17
74.25
75.3
76.36
77.29
78.05
78.76
79.42
80.08
80.69
81.22
81.65
81.98
82.2
82.38
82.47
82.41
82.25
81.96
81.6
81.2
80.62
80.1
79.69
79.09
78.39
77.75
77.16
76.78
76.66
76.62
76.77
76.83
76.86
77.09
77.5
77.87
78.22
78.46
78.51
78.47
78.44
78.45
78.76
79.53
80.72
82.38
84.49
86.91
89.63
92.79
96.5
100.83
105.46
110.21
115.1
120.02
124.97
130.03
135.24
140.5
145.63
150.61
155.48
160.37
165.36
170.58
176.04
181.77
187.81
194.26
201.24
208.73
216.77
225.29
234.31
243.88
253.99
264.87
276.06
287.4
298.6
309.5
319.96
329.9
339.19
347.67
355.24
361.56
366.95
371.38
374.96
377.74
379.74
381
381.49
381.28
380.47
379.1
377.25
375
372.41
369.56
366.49
363.24
359.86
356.39
352.84
349.24
345.63
342.04
338.47
334.93
331.47
328.06
324.73
321.46
318.27
315.17
312.15
309.2
306.32
303.53
300.78
298.11
295.51
292.98
290.51
288.12
285.78
283.49
281.27
279.1
276.98
274.9
272.87
270.89
268.95
267.04
265.17
263.36
261.59
259.85
258.17
256.53
254.93
253.39
251.89
250.45
249.08
247.78
246.57
245.5
244.55
243.77
243.26
243.18
243.8
245.33
248
251.94
257.29
264.04
272.19
281.79
292.6
304.48
317.15
330.35
343.79
357.24
370.53
383.53
396.22
408.44
420.3
431.66
442.51
452.83
462.61
471.91
480.69
488.97
496.75
504.01
510.68
516.81
522.43
527.54
532.15
536.24
539.82
542.93
545.53
547.69
549.47
550.89
551.95
552.68
553.1
553.22
553.09
552.73
552.17
551.51
550.82
550.05
549.16
548.16
547.08
545.99
544.92
543.89
542.95
542.04
541.12
540.28
539.59
539.04
538.64
538.34
538.13
538.02
537.99
538.06
538.25
538.56
538.99
539.58
540.31
541.19
542.23
543.41
544.76
546.25
547.87
549.61
551.48
553.45
555.54
557.75
560.06
562.48
564.99
567.57
570.22
572.94
575.71
578.53
581.38
584.28
587.21
590.16
593.12
596.11
599.11
602.12
605.11
608.07
611.01
613.89
616.74
619.56
622.39
625.23
628.14
631.16
634.32
637.65
641.18
644.94
648.92
653.12
657.52
662.14
666.94
671.94
677.15
682.5
687.94
693.39
698.79
704.1
709.26
714.24
719.04
723.61
727.95
732.12
736.18
740.21
744.29
748.46
752.77
757.19
761.71
766.28
770.83
775.33
779.69
783.84
787.68
791.15
794.21
796.85
799.08
800.96
802.7
804.47
806.39
808.54
810.96
813.7
816.76
820.15
823.8
827.66
831.54
835.28
838.79
842.03
845.01
847.73
850.2
852.43
854.47
856.34
858.05
859.59
860.99
862.23
863.33
864.28
865.09
865.77
866.29
866.65
866.84
866.83
780.22
779.58
692.87
690.95
688.46
685.35
681.6
677.22
672.27
666.82
747.3
741.25
820.83
815.35
810.28
805.75
801.87
798.66
796.1
794.17
792.84
792.03
791.6
791.39
791.3
791.24
791.16
791.03
790.85
790.6
790.27
789.88
789.43
788.93
788.39
787.82
787.22
786.6
785.97
785.32
784.66
784
783.37
782.82
782.37
782.03
781.8
781.67
781.62
781.67
781.79
781.97
782.16
782.27
782.26
782.11
781.83
781.43
780.94
780.35
779.7
778.97
778.23
777.57
777.02
776.64
776.43
776.39
776.51
776.82
777.28
777.89
778.57
779.19
779.68
779.98
780.08
779.96
779.62
779.06
778.3
777.36
776.22
774.91
773.45
771.91
770.33
768.77
767.25
765.78
764.37
763.03
761.83
760.83
760.06
759.46
758.99
758.84
759.84
762.21
765.7
770.27
775.91
782.46
789.65
797.22
804.99
814.07
823.68
832.79
840.62
846.73
851.03
853.59
854.74
854.84
854.21
851.63
847.14
841.7
836.31
831.4
827.05
823.36
820.29
817.84
815.91
814.48
813.55
812.99
812.82
813.05
813.67
814.63
815.88
817.33
818.85
820.23
821.49
824.12
828.31
833.86
840.58
848.15
856.53
867.1
881.05
898.18
919.05
942.64
969.38
998.66
1040.39
1024.64
1066.94
1094.87
1113.2
1123.9
1127.61
1124.59
1114.58
1098.82
1067.84
1091.97
1055.98
1031.17
1012.84
999.81
990.62
984.51
981.55
981.53
984.03
989.11
996.11
1004.41
1012.64
1020.18
1026.93
1032.49
1036.99
1041.01
1044.7
1047.37
1049.54
1051.66
1053.7
1057.52
1062.7
1069.46
1077.35
1085
1092.18
1099.39
1106.44
1113.29
1119.89
1124.32
1127.34
1128.87
1128.78
1127.79
1126.05
1123.78
1121.12
1117.99
1114.71
1111.53
1108.4
1105.55
1103.04
1100.72
1098.65
1096.72
1094.89
1093.14
1091.49
1089.98
1088.36
1086.67
1084.73
1082.62
1080.44
1078.16
1075.77
1073.18
1070.56
1067.8
1065.44
1063.55
1062.23
1061.34
1060.85
1060.68
1060.77
1061.29
1062.05
1063.04
1063.71
1063.92
1063.72
1063.15
1062.17
1060.76
1058.99
1056.86
1054.29
1051.28
1048.03
1044.6
1040.97
1037.16
1033.21
1029.17
1025
1020.74
1016.39
1011.64
1006.61
1001.49
996.38
991.29
986.25
981.26
976.36
971.48
966.64
962.19
957.98
953.78
949.51
945.16
940.69
936.17
931.61
927.02
922.4
917.76
913.1
908.45
903.79
899.16
894.57
890.02
885.51
881.02
876.58
872.19
867.86
863.57
859.36
855.22
851.18
847.21
843.29
839.44
835.64
833.24
832.22
831.64
831.33
831.18
831.11
831.07
831.04
830.98
830.89
829.39
826.5
823.16
819.52
815.66
811.66
807.58
803.5
799.46
795.47
791.57
787.75
784.04
780.39
776.83
773.37
770.42
768.04
766.23
764.98
764.24
764.04
764.34
765.17
766.52
768.33
770.19
772
773.75
775.43
777.04
778.47
779.68
780.7
781.55
782.27
782.89
783.4
783.81
784.16
784.52
785.09
786.18
787.91
790.28
793.24
796.73
800.7
805.07
809.77
814.71
819.68
824.39
828.67
832.44
835.66
838.33
840.46
842.09
843.26
843.98
844.34
844.4
844.18
843.75
843.19
842.53
841.82
841.08
840.31
839.61
838.94
838.24
837.55
836.85
836.09
835.2
834.19
833.08
831.91
830.65
829.38
828.18
827.03
826.03
825.33
825.03
825.06
825.37
825.88
826.51
827.21
827.91
828.6
829.15
829.45
829.46
829.23
828.79
828.17
827.43
826.65
825.86
825.04
824.19
823.29
822.34
821.33
820.28
819.2
818.05
816.78
815.4
813.94
812.45
810.97
809.51
808.08
806.69
805.36
804.11
802.94
801.85
800.84
799.88
798.95
798.07
797.23
796.41
795.6
794.79
793.97
793.14
792.29
791.44
790.6
789.75
788.88
788.02
787.15
786.3
785.47
784.65
783.85
783.07
782.29
781.53
780.8
780.06
779.35
778.64
777.93
777.23
776.52
775.81
775.12
774.42
773.73
773.06
772.38
771.71
771.05
770.39
769.75
769.14
768.54
767.96
767.4
766.84
766.31
765.79
765.29
764.81
764.34
763.87
763.4
762.93
762.44
761.97
761.5
761.09
760.79
760.39
759.7
758.61
757.06
755.04
752.55
749.55
746.08
742.07
737.53
732.66
727.69
722.75
717.93
713.27
708.8
704.56
700.54
696.77
693.22
689.93
686.87
684.06
681.51
679.22
677.21
675.49
674.03
672.83
671.86
671.08
670.49
670.02
669.64
669.3
668.97
668.62
668.31
668.09
667.96
667.92
667.95
668.08
668.33
668.71
669.21
669.83
670.51
671.21
671.92
672.68
673.5
674.38
675.29
676.25
677.25
678.28
679.35
680.42
681.5
682.56
683.6
684.61
685.59
686.53
687.44
688.33
689.18
690.01
690.8
691.56
692.28
692.95
693.6
694.22
694.79
695.31
695.79
696.23
696.64
697.01
697.34
697.64
697.89
698.09
698.27
698.42
698.54
698.63
698.69
698.72
698.74
698.74
698.73
698.71
698.68
698.62
698.55
698.46
698.35
698.23
698.08
697.92
697.73
697.52
697.27
697.02
696.75
696.47
696.17
695.86
695.54
695.21
694.88
694.55
694.22
693.88
693.54
693.19
692.84
692.49
692.15
691.8
691.46
691.12
690.79
690.47
690.15
689.84
689.53
689.2
688.86
688.53
688.18
687.82
687.44
687.06
686.66
686.25
685.84
685.42
685.01
684.59
684.17
683.75
683.34
682.92
682.51
682.09
681.67
681.28
680.88
680.48
680.08
679.69
679.3
678.92
678.55
678.19
677.84
677.49
677.15
676.83
676.52
676.22
675.94
675.65
675.37
675.1
674.82
674.54
674.26
673.97
673.67
673.36
673.03
672.71
672.38
672.04
671.71
671.37
671.03
670.7
670.39
670.08
669.79
669.49
669.2
668.91
668.62
668.34
668.06
667.76
667.44
667.12
666.78
666.45
666.1
665.75
665.39
665.02
664.64
664.27
663.9
663.53
663.17
662.8
662.44
662.07
661.7
661.33
660.96
660.59
660.21
659.82
659.42
659.01
658.59
658.16
657.72
657.27
656.83
656.38
655.96
655.54
655.08
654.61
654.1
653.57
653
652.4
651.73
651.01
650.22
649.38
648.54
647.67
646.8
645.92
645.05
644.17
643.32
642.48
641.65
640.83
640
639.19
638.39
637.6
636.82
636.07
635.32
634.58
633.85
633.13
632.44
631.76
631.09
630.44
629.81
629.17
628.55
627.95
627.36
626.8
626.25
625.7
625.16
624.63
624.11
623.62
623.13
622.65
622.19
621.73
621.28
620.93
620.64
620.4
620.15
619.89
619.58
619.23
618.81
618.34
617.8
617.11
616.31
615.42
614.47
613.48
612.5
611.5
610.53
609.57
608.65
607.77
606.92
606.1
605.29
604.44
603.54
602.65
601.8
601.01
600.3
599.65
599.04
598.47
597.98
597.59
597.34
597.18
597.07
597
596.94
596.93
596.99
597.11
597.3
597.55
597.85
598.21
598.6
599.02
599.47
599.93
600.4
600.87
601.34
601.82
602.3
602.76
603.23
603.68
604.11
604.53
604.93
605.33
605.71
606.08
606.43
606.76
607.07
607.36
607.64
607.9
608.16
608.37
608.51
608.56
608.51
608.38
608.18
607.94
607.65
607.32
606.96
606.6
606.28
606.03
605.86
605.75
605.67
605.6
605.54
605.47
605.39
605.3
605.19
605.06
604.91
604.76
604.62
604.5
604.4
604.32
604.24
604.19
604.16
604.16
604.18
604.22
604.28
604.35
604.43
604.53
604.63
604.74
604.84
604.93
605.01
605.07
605.1
605.12
605.13
605.13
605.14
605.13
605.13
605.12
605.11
605.1
605.1
605.1
605.1
605.1
605.1
605.11
605.12
605.15
605.21
605.31
605.43
605.58
605.73
605.88
606.03
606.16
606.28
606.38
606.45
606.48
606.5
606.49
606.48
606.46
606.43
606.4
606.36
606.3
606.22
606.12
605.99
605.83
605.64
605.44
605.2
604.91
604.56
604.15
603.7
603.2
602.63
602.03
601.4
600.73
600.07
599.43
598.84
598.29
597.78
597.31
596.92
596.57
596.27
596.02
595.8
595.58
595.32
595.03
594.7
594.34
593.95
593.55
593.15
592.76
592.39
592.07
591.85
591.73
591.7
591.76
591.9
592.09
592.34
592.63
592.94
593.29
593.64
594
594.36
594.73
595.09
595.46
595.81
596.15
596.49
596.82
597.16
597.49
597.83
598.16
598.49
598.82
599.15
599.47
599.77
600.04
600.28
600.5
600.69
600.85
600.99
601.1
601.18
601.25
601.31
601.37
601.42
601.47
601.51
601.56
601.6
601.65
601.7
601.75
601.8
601.85
601.9
601.94
601.99
602.04
602.1
602.16
602.23
602.31
602.4
602.5
602.61
602.73
602.85
602.97
603.09
603.22
603.35
603.48
603.61
603.74
603.87
604.01
604.15
604.29
604.42
604.55
604.71
604.91
605.18
605.51
605.92
606.41
606.98
607.62
608.34
609.15
610.07
611.08
612.16
613.3
614.51
615.79
617.17
618.66
620.24
621.86
623.45
624.97
626.41
627.75
628.97
630.05
630.97
631.74
632.36
632.86
633.27
633.63
633.95
634.27
634.58
634.9
635.23
635.56
635.91
636.27
636.64
637.03
637.49
638.04
638.68
639.36
640.07
640.79
642
644.41
647.96
652.73
658.4
664.87
672.14
680.23
689.01
698.29
707.54
715.9
723.37
729.96
735.73
741.56
747.97
754.34
759.79
764.45
768.57
772.21
774.73
776.11
776.71
775.79
772.89
768.67
764.21
759.61
754.7
749.59
745.02
740.87
737.01
733.38
729.93
728.41
728.33
728.76
729.19
729.39
729.24
728.78
727.97
726.84
725.42
721.92
716.79
710.94
704.86
698.8
692.82
686.95
681.24
675.66
670.21
665.07
660.71
657.52
656.12
657.62
660.06
663.25
667.08
671.48
676.34
681.46
686.32
690.5
693.34
693.68
693.49
692.92
692.05
690.95
689.68
688.29
686.8
685.25
683.67
682.07
680.47
678.86
677.26
675.69
674.28
672.95
671.65
670.37
669.1
667.86
666.64
665.45
664.27
663.08
661.77
660.42
659.1
657.85
657.73
659.43
661.04
664.06
668.18
671.9
676.25
681.71
687.68
694.2
700.22
704.87
709.48
712.94
716.56
721.38
725.02
726.65
727.38
727.44
726.75
725.47
724.04
722.08
718.87
714.51
710.39
706.86
703.47
700
696.67
693.6
691.1
689.15
687.32
686.3
685.77
685.37
685.08
684.5
683.4
681.93
680.14
678.37
677.34
677.09
675.68
673.44
670.72
668.02
665.54
663.06
660.39
657.24
653.09
647.6
643.41
641.81
641.98
643.21
645.03
647.15
649.45
651.85
654.26
656.61
658.49
658.62
657.4
655.12
650.74
644.24
637.04
629.92
623.39
617.72
613.18
610.18
608.26
607.24
608.82
613.22
618.99
625.33
631.7
637.78
643.24
647.61
651.33
654.76
657.57
659.77
661.46
662.68
663.49
663.96
664.13
664.1
663.99
663.93
664.11
664.74
666.01
668.08
671.07
675.03
680
686.03
696.63
709.54
723.52
739.27
755.5
770.23
783.09
794.36
804.21
812.63
816.62
818.41
819.03
817.55
815.04
813.36
812.75
812.87
813.48
814.49
815.28
815.79
816.04
816.06
815.93
815.59
815.06
814.35
813.62
812.81
812.12
812.27
812.61
812.87
812.96
813.04
813.36
813.88
814.41
814.93
815.04
813.93
812.37
810.69
809.1
807.71
806.19
804.51
802.68
800.54
798.22
795.93
793.65
791.48
789.34
786.94
784.34
781.62
778.81
776.19
773.86
771.7
769.63
767.62
765.65
763.79
762.03
760.39
758.89
757.52
756.27
755.15
754.16
753.2
752.22
751.23
750.26
749.28
748.31
747.33
746.37
745.4
744.46
743.53
742.59
741.65
740.72
739.79
738.86
737.95
737.02
736.12
735.21
734.29
733.41
732.52
731.63
730.75
729.87
728.99
727.91
726.84
725.78
724.72
723.66
722.61
721.56
720.52
719.5
718.49
717.7
716.88
716.06
715.25
714.43
713.61
712.79
711.96
711.1
710.21
709.31
708.42
707.51
706.6
705.67
704.74
703.79
702.85
701.92
700.99
700.06
699.13
698.22
697.31
696.42
695.52
694.64
693.75
692.87
692.01
691.17
690.36
689.56
688.8
688.07
687.39
686.74
686.13
685.55
685.01
684.5
684.01
683.54
683.08
682.64
682.21
681.78
681.36
680.95
680.54
680.14
679.74
679.35
678.96
678.57
678.18
677.8
677.42
677.05
676.68
676.29
675.9
675.51
675.12
674.73
674.33
673.92
673.51
673.08
672.65
672.23
671.8
671.37
670.93
670.48
670.03
669.6
669.16
668.73
668.29
667.86
667.42
666.98
666.55
666.11
665.68
665.23
664.78
664.33
663.88
663.41
662.96
662.5
662.03
661.56
661.08
660.61
660.14
659.66
659.18
658.7
658.21
657.72
657.23
656.74
656.25
655.75
655.26
654.76
654.27
653.78
653.28
652.78
652.29
651.8
651.31
650.82
650.31
649.81
649.31
648.8
648.3
647.81
647.3
646.8
646.3
645.8
645.31
644.82
644.32
643.83
643.34
642.85
642.36
641.86
641.36
640.86
640.36
639.86
639.38
638.97
638.65
638.44
638.33
638.29
638.3
638.34
638.62
639.18
639.95
640.87
641.89
642.98
644.15
645.42
646.79
648.24
648.88
648.63
647.7
646.23
644.33
642.17
639.8
637.23
634.48
631.59
629.25
627.86
627.42
627.76
628.69
629.98
631.54
633.32
635.29
637.43
639.71
640.37
639.29
637.69
635.67
633.29
630.62
627.71
624.59
621.28
617.82
615.59
614.57
613.57
612.59
611.65
610.73
609.83
608.96
608.12
607.28
606.47
605.68
604.89
604.13
603.38
602.65
601.93
601.23
600.53
599.84
599.15
598.45
597.78
597.12
596.46
595.82
595.2
594.57
593.95
593.34
592.73
592.13
591.53
590.94
590.37
589.8
589.23
588.67
588.11
587.55
587
586.46
585.93
585.41
584.89
584.37
583.85
583.32
582.8
582.29
581.79
581.31
580.85
581.87
585.5
591.7
598.72
606.81
615.69
624.79
634.49
644.72
654.07
660.93
664.33
664.49
663.3
660.69
656.85
652.49
647.35
641.48
636.35
632.09
628.59
625.63
623.09
620.79
618.89
617.2
615.59
614.04
612.51
611.03
609.55
608.18
606.92
605.77
606.85
610.33
616.3
624.34
633.24
643.26
654.87
667.57
679.93
691.8
701.06
707.65
711.53
713.11
713.62
712.82
710.27
706.41
702.71
699.31
696.18
693.28
690.58
688.13
685.9
683.88
682.06
680.42
678.91
677.55
676.29
675.13
674.05
673.03
672.07
671.12
670.18
669.3
668.51
667.82
667.24
666.73
666.32
666.01
665.81
665.71
665.69
665.73
665.75
665.78
665.8
665.82
665.84
665.85
665.83
665.81
666.05
666.51
667.21
668.05
669.04
670.17
671.4
672.74
674.19
675.73
677.15
678.53
679.83
681.07
682.22
683.29
684.32
685.26
686.15
686.98
687.7
688.25
688.68
689.02
689.32
689.58
689.78
689.99
690.13
690.25
690.36
690.46
690.56
690.68
690.8
690.92
691.04
691.13
691.24
691.34
691.46
691.57
691.68
691.77
691.84
691.9
691.95
691.98
692.01
692.05
692.2
692.66
693.29
694.06
694.92
695.85
696.79
697.76
698.73
699.71
700.57
701.14
701.56
701.87
702.11
702.3
702.49
702.69
702.89
703.1
703.24
703.23
703.14
702.99
702.8
702.57
702.3
701.99
701.67
701.29
701.01
701.03
701.2
701.48
701.85
702.29
702.83
703.43
704.08
704.79
705.35
710.88
718.85
727.35
733.58
737.3
740.6
743.47
745.95
748.06
750.01
746.57
740.38
733.41
728.48
725.81
723.31
721.04
719
717.17
715.52
714.05
712.73
711.51
710.35
709.33
708.46
707.68
706.96
706.35
705.79
705.26
704.78
704.36
704.03
703.75
703.49
703.29
703.1
702.91
702.74
702.61
702.48
702.36
702.25
702.15
702.05
701.96
701.91
701.89
701.91
701.94
701.97
701.99
701.99
701.96
701.92
701.87
701.8
701.72
701.59
701.43
701.27
701.11
700.96
700.84
700.73
700.63
700.54
700.45
700.37
700.3
700.23
700.18
700.14
700.09
700.05
700.01
699.97
699.93
699.89
699.85
699.83
699.81
699.78
699.75
699.71
699.66
699.61
699.56
699.51
699.48
699.44
699.38
699.33
699.28
699.23
699.19
699.15
699.11
699.07
699.02
698.96
698.9
698.85
698.8
698.76
698.73
698.7
698.68
698.65
698.62
698.6
698.6
698.59
698.61
698.62
698.63
698.65
698.67
698.72
698.78
698.84
698.89
698.95
699
699.07
699.13
699.19
699.26
699.31
699.37
699.43
699.48
699.52
699.56
699.61
699.67
699.74
699.8
699.87
699.92
699.98
700.06
700.15
700.2
700.21
700.19
700.14
700.06
699.97
699.87
699.76
699.63
699.4
699
698.43
697.68
696.86
695.98
694.99
694
693.2
692.34
691.5
690.87
690.43
690.28
690.36
690.66
691.29
692.12
692.85
693.72
694.71
695.75
696.86
697.95
698.97
699.9
700.69
701.35
701.97
702.57
703.17
703.75
704.33
704.92
705.62
706.44
707.35
708.34
709.48
710.7
711.97
713.3
714.66
716.03
717.29
718.36
719.39
720.35
721.17
721.93
722.67
723.36
724.03
724.68
725.35
726.36
727.61
727.99
727.55
727.14
727.33
728.18
729.66
731.75
734.18
736.95
740.09
744.58
750.46
756.83
763.08
768.98
774.66
780.03
785.45
790.49
794.71
799.06
803.46
808.17
813.12
818.13
822.88
827.4
831.82
836.26
840.87
844.66
847.92
850.21
851.81
853.12
854.22
855.1
854.91
853.8
852.24
850.48
848.33
846.22
843.87
841.19
838.28
835.18
832.54
830.31
828.23
826.27
824.37
822.32
820.23
818.19
816.23
814.45
812.81
811.28
810.02
809.24
808.91
809.19
810.12
811.56
813.45
815.52
817.95
820.59
823.2
825.78
828.27
830.48
832.27
833.74
834.79
835.57
835.88
836.05
836.3
836.32
836.1
835.57
834.74
833.67
832.53
831.44
830.43
829.36
828.09
826.75
825.44
824.24
823.25
822.41
821.7
821.1
820.62
820.24
819.94
819.7
819.48
819.3
819.18
819.09
819.02
818.95
818.85
818.79
818.76
818.83
818.99
819.2
819.44
819.79
820.21
820.74
821.38
822.04
822.74
823.4
824.03
824.68
825.32
825.91
826.51
827.38
828.12
828.85
829.62
830.32
830.98
831.63
832.22
832.66
833.05
833.12
833.29
833.4
833.43
833.66
833.68
833.52
833.39
833.38
833.42
833.48
833.51
833.6
833.7
833.65
833.81
834.14
834.66
834.96
835.7
836.77
837.89
838.84
839.98
841.57
843.4
845.37
847.16
849.36
850.91
852.28
853.48
855.02
856.48
857.58
858.58
859.53
860.61
861.5
862.62
863.48
864.68
865.64
866.56
867.4
868.13
868.78
869.32
869.89
870.44
871.15
871.73
872.4
872.96
873.54
874.11
874.74
875.49
876.22
876.99
878.01
878.74
878.46
877.63
877.48
877.66
878.11
878.41
879.07
879.66
879.42
878.6
878.65
879.32
879
878.45
877.29
876.04
874.41
872.85
871.84
871.65
871.59
871.56
871.84
872.06
872.72
873.63
874.57
875.62
876.33
877.05
878.05
879.02
880
880.99
881.74
882.35
882.97
883.34
883.85
884.22
884.34
884.51
884.71
884.96
885.3
885.79
886.26
886.92
887.76
888.84
889.9
891.03
892.02
892.82
893.6
894.23
894.87
895.55
896.29
896.95
897.57
897.94
898.27
898.9
899.61
900.39
901.1
901.67
902.15
902.63
903.04
903.46
903.93
904.09
904.14
904.3
904.64
905.05
905.15
905.12
905.17
905.2
904.91
904.28
903.26
901.71
899.78
897.51
895.36
893.07
890.59
888.06
885.76
883.77
882.05
880.55
879.18
877.95
876.77
875.68
874.67
873.72
872.83
871.97
871.17
870.42
869.73
869.08
868.5
867.95
867.43
866.94
866.46
866.02
865.7
865.42
865.18
864.94
864.7
864.49
864.27
864.09
863.95
863.84
863.63
863.38
863.13
862.95
862.83
862.75
862.7
862.67
862.69
862.71
863.17
863.96
864.86
865.75
866.66
867.58
868.5
869.51
870.54
871.62
872.27
872.64
872.88
873.13
873.35
873.54
873.79
873.94
874.02
874.08
874.17
874.27
874.44
874.61
874.81
875.02
875.2
875.38
875.56
875.72
875.93
876.1
876.23
876.37
876.5
876.65
876.77
876.91
877.06
877.19
877.29
877.43
877.57
877.69
877.79
877.87
877.99
878.05
878.14
878.41
878.6
878.75
878.9
879.1
879.27
879.45
879.6
879.85
880.09
880.21
880.46
880.79
881.13
881.45
881.88
882.36
882.85
883.27
883.74
884.19
884.56
884.92
885.31
885.68
885.98
886.25
886.62
887.05
887.47
887.89
888.35
888.75
889.11
889.42
889.77
890.11
890.42
890.75
891.02
891.23
891.47
891.79
892.1
892.49
892.84
893.17
893.45
893.7
893.98
894.29
894.54
894.77
895.04
895.29
895.52
895.79
896.05
896.32
896.6
896.9
897.22
897.65
898.19
898.73
899.25
899.72
900.21
900.68
901.19
901.71
901.42
900.5
899.24
897.74
896.21
894.8
893.45
892.06
890.58
888.22
885.55
882.49
878.91
874.91
870.38
865.2
859.44
853.22
846.6
840.43
834.98
830.04
825.5
821.27
817.32
813.64
810.2
807.02
804.04
801.27
798.67
796.24
793.96
791.81
789.78
787.86
786.01
784.21
782.46
780.75
779.1
777.49
775.93
774.42
772.97
771.55
770.16
768.81
767.51
766.21
764.82
763.33
761.71
759.96
758.08
756.06
753.95
751.73
749.42
747.04
744.7
742.42
741.37
741.37
741.98
743.39
745.67
748.88
753.1
758.4
764.88
773.4
782.07
790.78
798.73
806.47
814.17
824.58
842.63
864.09
888.53
911.85
935.95
959.26
982.49
1009.54
1037.48
1063.02
1076.31
1084.32
1088.19
1091.07
1092.64
1094.83
1097.75
1096.95
1095.33
1092.63
1093.89
1096.42
1099.23
1101.94
1104.43
1106.59
1108.67
1109.83
1110.27
1110.9
1111.53
1111.97
1112.45
1113.25
1113.41
1113.11
1112.82
1113.36
1114.37
1115.17
1115.86
1116.27
1116.62
1116.94
1117.48
1117.79
1117.91
1118.12
1118.2
1118.27
1118.74
1119.29
1117.94
1114.06
1108.29
1101.36
1093.14
1083.34
1072.15
1060.12
1046.78
1032.7
1019.67
1008.53
998.69
989.78
981.67
974.24
967.5
961.32
955.69
950.62
946.04
941.99
938.41
935.21
932.18
929.29
926.49
923.87
921.37
918.97
916.64
914.23
911.79
909.34
907.11
905.02
902.96
901.05
899.26
897.48
895.81
894.31
892.9
891.62
890.43
889.39
888.58
887.83
886.95
886.22
885.51
885.98
887.51
889.82
892.76
896.32
900.39
904.84
909.86
915.29
921.11
926.13
930.47
934.33
937.71
940.77
943.59
946.23
948.7
951.01
953.18
955.21
957.12
958.99
960.89
962.69
964.42
966.07
967.63
969.09
970.48
971.8
973.09
974.32
975.51
976.65
978.02
979.24
980.51
981.92
983.32
984.78
986.15
987.39
988.22
989.08
989.44
989.81
990.1
990.17
990.19
990.23
990.19
990.26
990.64
990.91
991.35
991.8
992.2
992.63
993.05
993.31
993.61
993.83
994.04
994.27
994.51
994.79
995.07
995.32
995.54
995.74
995.95
996.13
996.3
996.55
997.71
999.16
1000.67
1002.25
1003.8
1005.27
1006.66
1008.01
1009.38
1010.52
1010.12
1009.22
1008.14
1006.93
1005.72
1004.59
1003.51
1002.43
1001.33
1000.51
1002.29
1004.73
1007.38
1010.13
1012.88
1014.3
1014.85
1015.01
1014.88
1014.37
1011.65
1008.29
1004.69
1000.91
997.11
994.59
992.93
991.67
990.66
989.8
989.1
988.52
988.03
987.62
987.23
986.86
986.46
986.09
985.73
985.4
985.05
984.68
984.31
984
983.72
983.42
983.12
982.83
982.53
982.22
981.88
981.56
981.23
980.88
980.49
980.13
979.8
979.44
979.07
978.69
978.37
978.06
977.77
977.45
977.16
977.03
977.12
977.3
977.56
977.88
978.15
978.31
978.45
978.55
978.63
978.52
978.2
977.84
977.43
977.01
976.62
976.34
976.08
975.88
975.7
975.54
975.38
975.2
974.98
974.77
974.32
973.58
972.65
971.59
970.36
969.02
967.56
966
964.4
962.7
961.48
960.69
960.21
959.9
959.77
959.84
960.06
960.39
960.81
961.34
961.7
961.98
962.15
962.3
962.44
962.58
962.68
962.84
963.13
963.46
963.68
963.89
964.02
964.16
964.28
964.34
964.38
964.31
964.17
963.97
963.82
963.62
963.51
963.33
963.2
963.02
962.84
962.77
962.62
962.43
962.25
962.07
961.91
961.79
961.59
961.4
961.2
960.99
960.89
960.91
960.91
960.91
960.89
960.9
961
961.07
961.24
961.38
961.47
961.47
961.5
961.48
961.56
961.58
961.51
961.49
961.52
961.5
961.62
961.79
961.98
962.24
962.38
962.42
962.55
962.76
962.91
963.09
963.04
963
962.96
962.81
962.5
962.53
962.57
962.42
962.14
961.91
961.81
961.65
961.44
961.38
961.5
961.39
961.22
961.89
964.32
967.94
972.38
977.59
983.15
989.98
997.8
1006.53
1016.37
1026.02
1034.22
1041.79
1048.99
1054.73
1058.69
1060.43
1060.53
1059.26
1056.51
1052.89
1048.74
1043.67
1037.81
1032.41
1028.23
1024.72
1021.63
1018.81
1016.15
1013.64
1011.25
1008.99
1006.82
1004.69
1002.63
1000.62
998.66
996.76
994.92
993.12
991.58
990.16
988.84
987.58
986.32
985.13
983.98
982.9
981.84
980.85
979.7
978.48
977.24
976.02
974.89
973.78
972.75
971.79
970.85
969.96
969.06
968.2
967.41
966.66
966.42
967.38
969.04
971.21
973.82
976.77
980.06
983.65
987.5
991.66
995.56
997.73
998.68
998.9
998.41
997.41
995.94
994.06
991.78
989.17
986.38
984.01
982.04
980.1
978.4
976.75
975.14
973.56
972
970.54
969.16
967.78
966.35
965.05
963.79
962.6
961.5
960.45
959.47
958.67
957.92
957.27
956.76
955.71
953.41
950.21
946.25
941.69
936.64
930.91
924.62
918
911.03
904.24
898.4
893.18
888.49
884.18
880.13
876.27
872.49
868.79
865.18
861.68
858.28
854.98
851.71
848.52
845.38
842.3
839.45
838.67
839.89
842.57
846.4
851.11
856.65
862.89
869.79
877.34
883.59
886.69
887.23
885.97
883.3
879.58
875
869.67
863.65
857.29
852.28
848.39
845.01
841.89
838.97
836.14
833.35
830.59
827.85
824.78
821.58
818.57
815.81
813.33
811.08
809.04
807.17
805.43
803.83
802.46
802.4
803.07
804.25
805.82
807.77
810.14
812.77
815.6
818.62
821.59
822.44
822.26
821.39
820.05
818.3
816.15
813.86
812.7
812.06
811.8
812.53
813.71
815.27
817.04
818.92
820.87
822.73
823.38
823.42
823.17
822.98
822.63
822.18
821.71
821.33
821.01
820.81
820.65
820.57
820.61
820.81
821.13
821.67
822.4
823.2
824.09
825.08
826.15
827.19
828.16
828.92
830.21
831.61
833.06
834.54
836.07
837.63
839.19
840.83
842.48
842.65
841.15
838.66
835.48
831.77
827.59
822.99
818.06
812.8
807.35
803.63
801.07
799.09
797.38
795.74
794.11
792.51
790.96
789.47
787.94
786.03
784.04
782.1
780.27
778.67
777.3
776.08
775.03
774.23
774.11
776.33
779.75
783.74
788.04
792.55
797.12
801.67
806.05
810.13
813.7
816.78
819.81
822.92
826.14
829.48
833.07
836.92
841.02
845.25
849.37
851.73
853.23
854.44
855.51
856.68
857.92
859.15
860.34
861.61
862.99
864.73
866.8
869.16
871.82
874.59
877.46
880.55
884.01
887.77
891.82
895.89
899.72
901.77
902.35
901.92
900.75
898.92
896.54
893.66
890.8
888
884.83
882.75
881.54
880.77
880.23
879.88
879.56
879.35
878.6
877.25
875.59
873.87
872.14
870.37
868.64
866.84
864.99
863.16
862.41
863.73
865.86
870.94
881.22
894.68
910.7
928.95
949.08
969.52
988.67
1006.8
1023.53
1036.93
1044.95
1049.79
1052.07
1053.5
1054.25
1055.7
1058.47
1061.2
1064.37
1067.01
1069.06
1071.24
1074.16
1078.61
1082.46
1086.44
1091.05
1095.11
1098.9
1102.56
1107.46
1112.21
1116.99
1119.68
1120.73
1118.03
1111.91
1104.17
1096.07
1088.22
1079.17
1069.6
1058.7
1046.62
1035.28
1026.21
1018.68
1012.1
1006.2
1000.75
995.59
990.6
985.83
981.35
977.06
973.59
970.82
968.65
967.07
966.1
965.74
965.94
966.57
967.46
968.62
969.38
969.86
970.24
970.52
970.72
970.83
970.89
970.9
970.88
971.43
972.69
974.22
975.86
977.62
979.46
981.39
983.37
985.36
987.85
990.81
993.81
996.86
1000.09
1003.58
1007.47
1011.91
1016.44
1020.91
1026.7
1031.91
1036.55
1040.95
1045.02
1048.63
1051.77
1054.7
1057.86
1061.16
1062.93
1064.53
1066.07
1067.54
1068.99
1070.37
1071.17
1071.75
1072.79
1074.28
1075.86
1077.43
1079.03
1080.61
1082.36
1085.93
1089.42
1092.81
1095.97
1100.6
1104.85
1108.5
1111.85
1115.55
1119.43
1121.8
1124.54
1126.3
1124.38
1118.72
1112.58
1106.36
1100.31
1095.1
1091.32
1086.97
1082.49
1080.79
1082.24
1085.39
1087.35
1088.51
1089.07
1088.17
1085.69
1084.03
1083.31
1083.36
1083.04
1083.6
1087.7
1093.24
1099.96
1106.91
1113.29
1118.9
1123.32
1124.05
1125.74
1125.52
1122.63
1118.51
1113.03
1106.89
1100.45
1093.69
1086.83
1080.24
1077.05
1081.03
1087.93
1097.08
1108.01
1120.76
1134.32
1145.44
1157.75
1170.14
1179.61
1176.33
1169.26
1164.86
1158.66
1153.52
1146.79
1140.44
1132.79
1125.25
1115.82
1112.53
1110.6
1104.54
1099.13
1091.77
1085.77
1082.61
1080.34
1078.25
1076.81
1076.25
1075.92
1075.83
1075.65
1075.01
1074.6
1074.47
1074.26
1074.32
1074.05
1073.14
1072.49
1071.26
1070.31
1069.66
1069.18
1068.04
1066.57
1065.14
1064.05
1063.31
1062.4
1062
1061.47
1060.81
1059.83
1059.1
1058.91
1058.97
1060.4
1061.71
1062.84
1063.84
1064.7
1065.34
1065.74
1065.95
1065.82
1065.4
1063.62
1061.77
1059.77
1057.38
1054.86
1052.39
1050.12
1048.08
1046.17
1044.37
1042.5
1040.56
1038.87
1037.69
1036.96
1036.5
1036.1
1035.69
1035.35
1035.11
1035.13
1035.43
1035.86
1036.42
1037.52
1038.87
1040.3
1041.76
1043.27
1044.82
1046.52
1048.29
1050.1
1051.72
1052.18
1051.8
1050.95
1049.75
1048.51
1047.22
1045.6
1043.74
1041.68
1039.62
1037.9
1036.58
1035.55
1034.75
1033.84
1032.8
1031.78
1030.79
1029.85
1028.96
1028.17
1027.44
1026.76
1026.11
1025.5
1024.89
1024.3
1023.72
1023.14
1022.59
1022.05
1021.51
1020.95
1020.41
1019.86
1019.34
1018.83
1018.33
1017.85
1017.35
1016.88
1016.41
1016
1015.59
1015.15
1014.68
1014.2
1013.71
1013.23
1012.77
1012.31
1011.81
1011.19
1010.5
1009.82
1009.12
1008.4
1007.68
1006.94
1006.18
1005.4
1004.83
1004.43
1004.11
1003.83
1003.59
1003.34
1003.1
1002.89
1002.68
1002.44
1001.94
1001.29
1000.6
999.88
999.16
998.47
997.77
997.03
996.3
995.63
995.22
995
994.88
994.82
994.83
994.94
995.14
995.4
995.69
996.02
996.18
996.23
996.2
996.14
996.03
995.83
995.56
995.29
994.99
994.63
994.27
993.86
993.46
993.04
992.61
992.19
991.74
991.26
990.77
990.27
989.77
989.29
988.8
988.27
987.72
987.14
986.58
986
985.43
984.86
984.29
983.71
983.1
982.5
981.9
981.31
980.72
980.13
979.53
978.93
978.27
977.6
976.95
976.33
975.73
975.14
974.54
973.92
973.27
972.6
971.99
971.39
970.79
970.24
969.68
969.12
968.56
968.02
967.47
966.91
966.31
965.72
965.12
964.43
963.69
962.93
962.11
961.25
960.42
959.58
958.76
957.85
956.89
955.94
955
954.64
954.71
955.14
956.63
960.11
965.58
972.63
980.92
988.86
996.24
1002.12
1006.88
1011.18
1014.36
1015.45
1014.45
1011.88
1008.05
1004.55
1001.33
998.89
997.13
995.48
993.9
992.47
991.19
990.04
989.05
988.4
989.26
991.29
994.21
997.88
1002.22
1007.16
1012.61
1018.52
1024.82
1031.24
1036.85
1041.07
1044.16
1046.31
1047.64
1048.2
1048.05
1047.22
1045.79
1043.83
1041.25
1039.27
1039.32
1040.74
1043.01
1045.96
1049.54
1053.73
1058.36
1063.36
1068.77
1074.11
1077.83
1081.38
1084.87
1088.19
1091.31
1094.23
1095.76
1093.4
1088.26
1081.16
1072.5
1061.65
1049.11
1035.64
1025.49
1014.59
1003.94
997.49
992.82
989.78
988.31
987.94
988.48
989.4
986.54
983.98
981.96
979.02
976.44
973.98
971.45
968.96
966.51
964.16
961.9
959.75
957.82
956.18
954.96
953.41
951.37
949.2
947.16
944.92
942.65
940.31
937.92
935.45
932.86
929.97
927.17
924.35
921.28
918.35
915.34
912.34
909.32
906.32
903.38
901.19
899.37
897.75
896.33
895.1
894.11
893.31
892.69
892.24
891.94
891.65
891.74
892.01
892.45
892.99
893.59
894.1
894.48
894.78
895.03
895.22
895.04
894.72
894.28
893.71
893.07
892.49
892.01
891.58
891.15
890.59
889.99
889.35
888.68
888
887.31
886.61
885.9
885.18
884.48
884.03
883.64
883.3
882.98
882.67
882.37
882.09
881.82
881.55
881.28
880.85
880.38
879.86
879.31
878.73
878.13
877.5
876.85
876.17
875.47
874.79
874.08
873.42
872.79
872.18
871.87
872.01
872.45
873.16
874.12
875.46
877.2
879.22
881.5
884.02
886.47
888.69
890.81
892.86
894.87
897.24
900.08
903.3
906.82
910.6
914.61
918.82
923.22
927.79
932.46
936.69
940.36
943.6
946.61
949.48
952.2
954.79
957.26
959.61
961.75
963.7
965.51
967.19
968.94
970.73
972.55
974.38
976.22
978.07
980.03
982.1
984.22
986.39
988.32
990.02
991.55
992.96
994.24
995.42
996.53
997.55
998.51
999.41
1000.25
1001.04
1001.77
1002.46
1003.12
1003.76
1004.37
1004.97
1005.55
1006.11
1006.65
1007.17
1007.68
1008.15
1008.25
1008.03
1007.59
1006.99
1006.23
1005.36
1004.38
1003.32
1002.16
1000.93
1000.02
999.38
998.91
998.55
998.31
998.15
998.07
998.05
998.09
998.18
998.49
999.22
1000.25
1001.52
1002.98
1004.61
1006.4
1008.34
1010.42
1012.63
1014.75
1016.56
1018.2
1019.71
1021.12
1022.45
1023.71
1024.87
1025.96
1026.99
1027.31
1027.08
1026.4
1025.3
1023.87
1022.11
1020.04
1017.72
1015.16
1012.35
1010.02
1008.01
1006.22
1004.6
1003.11
1001.72
1000.44
999.23
998.08
997.01
996.35
996.03
995.93
996.02
996.25
996.62
997.05
997.57
998.14
998.72
998.86
998.67
998.27
997.71
997.01
996.24
995.41
994.49
993.53
992.54
991.63
990.73
989.81
988.93
988.04
987.11
986.21
985.31
984.42
983.55
983.89
985.47
987.96
991.13
995.01
999.5
1005.16
1012.19
1018.59
1025.19
1030.48
1034.31
1037.49
1040.69
1043.74
1046.65
1048.85
1051.12
1055.1
1059.79
1064.97
1068.28
1070.32
1070.92
1070.46
1069.06
1066.78
1062.7
1057.25
1050.61
1043.33
1037.95
1033.48
1029.59
1026.08
1022.88
1019.93
1017.22
1014.67
1012.27
1009.95
1007.71
1005.49
1003.3
1001.16
999.09
997.08
995.12
993.19
991.34
989.67
987.94
986.16
984.4
982.66
981.45
981.08
982.14
984.16
986.88
990.25
994.43
999.31
1004.79
1010.81
1016.82
1022.29
1025.32
1026.96
1027.62
1028.54
1031.01
1034.13
1036.29
1037.8
1038.82
1039.59
1041.46
1043.99
1046.87
1048.78
1048.74
1047.55
1046.84
1046.35
1045.97
1045.68
1045.43
1045.1
1044.8
1044.55
1044.98
1046.06
1047.6
1049.55
1051.85
1054.47
1057.36
1060.52
1063.9
1067.55
1070.58
1073.19
1075.55
1077.69
1079.65
1081.44
1083.12
1084.66
1086.12
1087.53
1088.83
1090.69
1093.35
1096.63
1100.25
1104.35
1109.01
1114.1
1119.59
1125.4
1131.61
1137.52
1142.94
1148.05
1153.05
1157.78
1162.13
1166.2
1169.97
1172.79
1173.48
1172.65
1170.51
1167.19
1162.95
1157.83
1151.97
1145.46
1138.38
1131.41
1125.77
1120.89
1116.55
1112.66
1109.06
1105.74
1102.61
1099.64
1096.77
1093.98
1091.24
1088.55
1085.91
1083.28
1080.68
1078.11
1075.56
1073.05
1070.6
1068.24
1065.92
1063.71
1061.58
1059.59
1057.75
1056.04
1054.48
1053
1051.61
1050.29
1049.07
1047.89
1046.77
1045.67
1044.57
1043.49
1042.41
1041.36
1040.31
1039.52
1039.22
1039.33
1039.71
1040.28
1040.95
1041.73
1042.61
1043.58
1044.64
1045.54
1046.02
1046.16
1046.09
1045.88
1045.6
1045.11
1044.43
1043.6
1042.66
1041.5
1040.14
1038.6
1036.9
1035.09
1033.17
1031.3
1029.45
1027.6
1025.74
1024.01
1022.43
1020.97
1019.58
1018.23
1016.9
1015.57
1014.26
1012.95
1011.65
1010.35
1009.35
1008.54
1007.86
1007.26
1006.84
1006.52
1006.16
1005.69
1005.01
1004.13
1002.73
1000.96
998.93
996.69
994.65
992.99
991.78
991.03
990.74
990.84
991.37
992.24
993.53
995.39
997.35
999.27
1001.17
1003.1
1005.13
1007.26
1009.45
1011.71
1013.95
1015.99
1017.82
1019.46
1020.94
1022.29
1023.5
1024.6
1025.59
1026.55
1027.44
1028.29
1029.11
1029.9
1030.67
1031.42
1032.18
1032.91
1033.65
1034.35
1035.06
1035.76
1036.45
1037.13
1037.79
1038.44
1039.07
1039.68
1040.13
1040.25
1040.09
1039.62
1038.77
1037.55
1036
1034.13
1031.96
1029.53
1027.01
1024.59
1022.21
1019.91
1017.76
1015.75
1013.85
1012.04
1010.31
1008.68
1007.07
1005.47
1003.89
1002.33
1000.78
999.27
997.8
996.36
994.96
993.57
992.31
991.42
990.92
990.76
990.91
991.31
991.96
992.86
993.98
995.31
996.75
998.03
999.13
1000.1
1000.93
1001.68
1002.32
1002.86
1003.32
1003.68
1003.94
1004.09
1004.07
1003.85
1003.48
1002.96
1002.29
1001.46
1000.51
999.44
998.28
997.08
995.9
994.79
993.72
992.68
991.71
990.82
989.94
989.12
988.35
987.64
987.01
986.43
985.9
985.41
984.93
984.47
984.04
983.62
983.33
983.32
983.56
984.04
984.74
985.64
986.74
988.02
989.48
991.09
992.69
994.1
995.31
996.35
997.25
998.03
998.7
999.25
999.68
999.94
999.97
999.68
999.07
998.13
996.87
995.28
993.38
991.21
988.81
986.28
983.72
981.26
978.91
976.69
974.6
972.64
970.81
969.08
967.42
965.81
964.24
962.68
961.15
959.62
958.11
956.64
955.18
953.74
952.34
950.97
949.61
948.27
946.92
945.58
944.24
942.9
941.56
940.26
938.97
937.72
936.53
935.38
934.28
933.22
932.19
931.17
930.2
929.24
928.29
927.34
926.48
925.82
925.4
925.22
925.28
925.58
926.07
926.74
927.59
928.59
929.65
930.72
931.81
932.91
934.01
935.1
936.22
937.35
938.51
939.68
940.85
942
943.06
944.03
944.91
945.75
946.51
947.24
947.92
948.57
949.18
949.72
950.22
950.74
951.13
951.31
951.3
951.09
950.72
950.21
949.58
948.83
947.96
946.93
945.91
944.96
944.1
943.33
942.6
941.88
941.23
940.73
940.36
940.12
940.01
940.04
940.22
940.51
940.94
941.53
942.22
942.86
943.44
943.93
944.32
944.6
944.75
944.79
944.71
944.46
944.01
943.45
942.82
942.14
941.39
940.58
939.69
938.74
937.73
936.72
935.73
934.77
933.81
932.87
931.96
931.09
930.28
929.53
928.84
928.24
927.74
927.34
927.04
926.82
926.69
926.6
926.57
926.57
926.61
926.65
926.68
926.71
926.76
926.83
926.91
927.02
927.13
927.26
927.39
927.52
927.68
927.81
927.84
927.79
927.65
927.42
927.1
926.69
926.2
925.63
924.96
924.21
923.43
922.6
921.74
920.83
919.88
918.87
917.81
916.71
915.58
914.43
913.28
912.14
911.01
909.91
908.84
907.83
906.87
905.95
905.06
904.2
903.38
902.56
901.77
901
900.24
899.5
898.77
898.04
897.32
896.6
895.87
895.16
894.43
893.71
893
892.28
891.55
890.8
890
889.25
888.56
887.92
887.35
886.82
886.34
885.91
885.53
885.23
885.01
884.81
884.57
884.31
884.04
883.74
883.4
883.03
882.65
882.17
881.72
881.27
880.87
880.53
880.28
880.13
880.06
880.05
880.07
880.17
880.24
880.28
880.27
880.18
879.95
879.59
879.15
878.64
878.09
877.55
877
876.45
875.91
875.41
874.97
874.58
874.22
873.88
873.55
873.2
872.86
872.51
872.15
871.75
871.31
870.84
870.36
869.85
869.32
868.78
868.21
867.62
867.03
866.43
865.82
865.2
864.56
863.93
863.28
862.62
861.95
861.28
860.58
859.87
859.15
858.44
857.71
856.97
856.25
855.52
854.81
854.11
853.4
852.68
851.97
851.27
850.61
850
849.42
848.9
848.43
847.99
847.63
847.33
847.07
846.81
846.56
846.29
846
845.68
845.34
844.98
844.58
844.17
843.72
843.3
842.85
842.4
841.96
841.51
841.05
840.59
840.14
839.68
839.25
838.82
838.42
838.02
837.58
837.11
836.63
836.16
835.67
835.17
834.62
834.01
833.35
832.62
831.87
831.09
830.25
829.32
828.33
827.27
826.15
824.99
823.77
822.54
821.28
820.02
818.75
817.48
816.22
814.97
813.74
812.51
811.31
810.11
808.93
807.75
806.56
805.4
804.24
803.09
801.94
800.79
799.63
798.49
797.34
796.2
795.08
793.95
792.82
791.68
790.56
789.45
788.36
787.26
786.17
785.08
784
782.92
781.85
780.8
779.75
778.7
777.65
776.62
775.58
774.54
773.5
772.49
771.47
770.45
769.36
768.22
766.84
765.31
764.02
762.99
762.13
761.4
760.79
760.29
759.96
759.78
759.93
760.31
760.56
760.64
760.63
760.56
760.45
760.31
760.15
759.98
759.8
759.6
759.39
759.18
758.97
758.74
758.52
758.3
758.06
757.82
757.58
757.36
757.14
756.93
756.72
756.52
756.32
756.12
755.94
755.76
755.57
755.36
755.16
754.95
754.74
754.53
754.32
754.11
753.9
753.7
753.5
753.32
753.14
752.93
752.68
752.42
752.17
751.93
751.7
751.48
751.29
751.12
750.97
750.88
750.85
750.86
750.87
750.88
750.89
750.9
750.9
750.89
750.86
750.8
750.7
750.55
750.36
750.16
749.96
749.75
749.54
749.32
749.04
748.77
748.55
748.37
748.24
748.13
748.03
747.93
747.83
747.73
747.7
747.68
747.64
747.59
747.54
747.49
747.43
747.38
747.33
747.29
747.25
747.2
747.16
747.12
747.08
747.02
746.96
746.9
746.85
746.79
746.72
746.65
746.58
746.5
746.41
746.32
746.24
746.13
746.01
745.88
745.74
745.6
745.44
745.28
745.12
744.97
744.8
744.65
744.49
744.33
744.17
744
743.83
743.66
743.49
743.3
743.11
742.91
742.71
742.51
742.32
742.12
741.92
741.71
741.49
741.28
741.07
740.85
740.64
740.42
740.2
739.99
739.78
739.58
739.38
739.17
738.97
738.78
738.58
738.39
738.19
737.99
737.79
737.58
737.38
737.18
736.96
736.74
736.5
736.26
736.01
735.75
735.49
735.23
734.95
734.68
734.4
734.11
733.82
733.53
733.23
732.95
732.66
732.37
732.09
731.79
731.5
731.21
730.94
730.66
730.4
730.12
729.84
729.56
729.28
729
728.72
728.45
728.17
727.9
727.62
727.34
727.07
726.81
726.55
726.31
726.08
725.84
725.6
725.36
725.11
724.86
724.6
724.34
724.07
723.78
723.48
723.19
722.9
722.6
722.31
722.03
721.74
721.44
721.13
720.83
720.53
720.22
719.9
719.58
719.26
718.92
718.58
718.24
717.91
717.58
717.26
716.93
716.62
716.3
715.99
715.68
715.38
715.08
714.78
714.48
714.17
713.86
713.54
713.23
712.9
712.58
712.27
711.96
711.65
711.33
711.01
710.69
710.37
710.05
709.74
709.42
709.09
708.74
708.39
708.05
707.7
707.36
707.02
706.67
706.32
705.98
705.65
705.34
705.03
704.73
704.44
704.15
703.84
703.54
703.25
702.95
702.64
702.33
702.01
701.69
701.37
701.03
700.71
700.4
700.07
699.74
699.41
699.08
698.76
698.43
698.09
697.76
697.42
697.05
696.69
696.31
695.92
695.51
695.09
694.67
694.25
693.84
693.44
693.05
692.66
692.3
691.95
691.62
691.29
690.95
690.62
690.29
689.97
689.64
689.3
688.96
688.61
688.25
687.9
687.55
687.2
686.83
686.45
686.08
685.71
685.33
684.96
684.59
684.21
683.82
683.44
683.06
682.67
682.28
681.89
681.5
681.19
680.96
680.78
680.62
680.45
680.29
680.12
679.95
679.78
679.61
679.34
678.98
678.57
678.14
677.7
677.24
676.8
676.34
675.86
675.37
674.89
674.41
673.91
673.41
672.9
672.4
671.87
671.36
670.86
670.36
669.85
669.34
668.84
668.34
667.84
667.33
666.84
666.34
665.84
665.33
664.82
664.32
663.82
663.31
662.81
662.32
661.82
661.31
660.81
660.31
659.76
659.16
658.54
657.91
657.26
656.6
655.94
655.29
654.64
654
653.41
652.86
652.33
651.83
651.35
650.88
650.42
649.96
649.49
649.02
648.56
648.11
647.67
647.23
646.78
646.32
645.87
645.44
645
644.58
644.17
643.77
643.36
642.94
642.54
642.2
641.87
641.53
641.22
640.89
640.56
640.2
639.84
639.49
639.13
638.73
638.3
637.87
637.44
637.02
636.59
636.2
635.82
635.45
635.08
634.72
634.35
633.95
633.51
633.05
632.59
632.11
631.64
631.14
630.63
630.1
629.59
629.11
628.65
628.19
627.72
627.25
626.77
626.29
625.79
625.29
624.78
624.26
623.75
623.26
622.78
622.26
621.73
621.2
620.68
620.14
619.59
619.03
618.45
617.85
617.22
616.61
615.99
615.38
614.77
614.17
613.61
613.09
612.64
612.21
611.7
611.07
610.34
609.51
608.58
607.56
606.42
605.17
603.8
602.38
601
599.72
598.5
597.36
596.3
595.31
594.4
593.55
592.75
591.98
591.27
590.59
589.94
589.32
588.72
588.15
587.6
587.08
586.58
586.1
585.64
585.19
584.77
584.35
583.96
583.58
583.21
582.85
582.48
582.13
581.78
581.43
581.08
580.73
580.38
580.02
579.67