21.1
21.1
21.1
21.1
21.1
21.1
21.1
21.1
21.1
21.1
21
21.09
21.09
21.08
21.07
21.06
21.06
21.05
21.05
21.05
21.05
21.04
21.04
21.04
21.04
21.05
21.04
21.04
21.01
20.98
20.96
29.78
52.5
85.21
120.81
150.6
183.85
221.5
244.4
260.11
286.14
323.13
330.95
320.48
303.66
290.93
273.77
251.54
249.19
266.14
276.5
276.67
289.58
307.85
328.4
371.54
408.84
447.92
480.77
501.79
513.39
508.77
507.95
537
577.97
602.08
635.43
669.2
703.5
735.24
772.9
816.94
859.32
874.5
878.37
880.32
871.96
850.89
824.79
800.35
775.82
751.1
719.49
689.61
652.72
612.22
581.98
564.21
552.47
540.65
528.45
515.54
510.19
503.58
503.3
502.15
502.81
504.88
509.25
514.55
520.22
527.17
533.39
538.63
545.12
573.62
608.04
641.79
671.81
702.23
731.49
762.51
788.44
814.32
845.01
859.59
865.63
869.95
877.52
884.1
891.07
895.67
904.85
914.3
918.06
917.54
917.86
917.09
912.42
908.76
907.68
906.08
902.98
897.42
890.01
880.33
864.87
846.47
826.07
799.92
767.23
732.65
702.89
678.83
662.58
645.27
629.03
615.12
601.28
590.42
610.74
649.22
688.81
721.04
738.68
762.53
794.17
841.16
893.67
934.47
960.29
974.04
984.35
995.88
1014.56
1029.08
1038.22
1016.71
990.31
977.11
948.94
917.65
887.52
861.21
836.17
811.67
786.27
776.65
770.09
764.23
761.55
759.36
755.51
750.78
746.4
747.8
758.21
770.98
783.59
798.13
822.97
851.21
877.16
900.05
921.73
935.74
936.43
931
922.75
909.43
883.55
850.98
818.26
786.44
755.03
727.17
704.45
686.88
672.36
660.94
652.08
646.01
642.62
641.72
642.14
642.21
642.24
641.91
641.64
642.5
643.27
643.84
644.67
646.04
647.74
650.36
653.34
656.41
659.42
661.42
663.48
665.93
668.6
671.18
673.76
675.89
677.65
679.58
681.74
683.63
685.21
686.26
687.32
687.74
687.66
686.99
685.86
684.36
682.8
681.59
680.57
678.75
673.6
668.67
664.82
662.07
660.4
658.06
654.72
651.18
647.63
645.73
647.33
649.55
650.65
651.21
666.59
674.44
677.05
677.47
678.47
680.91
684.55
704.68
714.02
724.52
717.3
724.35
737.78
750.42
761.65
773.04
783.66
777.7
782.74
785.25
789.88
788.45
787.79
790.63
794.45
794.69
793.75
792.95
793.55
795.52
795.56
794.94
794.38
794.52
794.73
794.14
793.09
793.24
793.2
792.21
791.21
788
781.56
772.95
764.12
756.79
749.19
737.6
723.36
708.77
696.68
687.36
679.54
670.97
661.3
651.62
643.72
637.63
637.17
639.44
635.62
629.83
623.51
619.2
616.79
615.14
612.83
610.92
604.94
597.22
595.14
595.04
595.88
596.4
596.22
596.37
596.61
597.04
597.65
598.4
599.31
600.37
601.46
602.62
603.79
604.71
605.6
606.55
607.64
608.92
610.4
612.13
614.18
616.47
619.08
621.95
625.1
628.47
632.05
635.84
639.1
642.14
645.25
648.42
651.62
654.8
657.85
660.76
663.51
666.12
669.58
674.07
678.96
685.96
694.5
704.16
714.62
725.82
737.47
749.52
761.51
772.72
783.19
791.67
798.64
804.58
810.63
815.72
820.04
823.46
826.34
828.88
831.37
833.36
834.24
834.42
833.31
832.32
831.27
829.71
827.8
825.62
823.09
820.27
817.85
815.39
812.83
809.91
807.09
804.93
803.08
801.43
800
798.62
796.71
794.7
792.57
790.3
787.5
784.19
774.69
760.69
743.79
722.82
701.82
680.74
660.24
640.15
620.67
601.6
588.63
580.37
575.1
573.98
573.54
573.4
572.85
572.12
571.26
570.38
569.46
568.27
567.01
565.77
564.56
563.36
562.19
561.06
559.89
558.7
557.34
555.76
554.04
551.58
495.66
492.15
436.47
430.24
422.9
414.75
406.11
397.04
387.54
378.33
422.54
416.03
462.89
461.1
460.96
462.06
464.19
467.27
471.19
475.81
480.65
483.99
486.27
487.86
489.04
489.97
490.74
491.36
491.82
492.21
492.6
493.06
493.63
494.27
494.96
495.69
496.38
497.02
497.67
498.32
498.94
499.58
500.33
501.18
502.08
502.98
503.88
504.78
505.66
506.49
507.27
507.73
507.7
507.28
506.62
505.77
504.79
503.72
502.56
501.29
499.93
499.28
499.99
501.59
503.74
506.35
509.32
512.58
516.09
519.81
523.72
526.38
526.69
525.53
523.35
520.33
516.68
512.58
508.04
503.18
498.02
492.98
488.33
484
480
476.31
472.86
469.56
466.39
463.29
460.29
457.78
456
454.57
453.27
452.06
450.96
450.35
451.3
453.25
455.53
457.89
460.19
462.34
464.35
466.22
468.16
471.35
474.02
475.32
475.7
475.54
475.01
474.3
473.53
474.12
475.44
475.14
474.51
474.24
474.62
475.53
476.99
478.89
481.46
482.91
483.9
485.23
486.26
487.63
489.2
490.88
492.64
494.39
495.75
497.05
497.62
497.5
498.77
502.94
508.5
514.89
521.68
528.48
536.17
548.78
568.59
597.71
642.89
702.32
778.02
833.36
853.31
873.2
893
908.82
938.68
933.94
904.56
854.74
786.19
736.33
720.71
707.22
696.19
686.76
658.36
722.02
719.87
722.08
726.09
731.67
738.6
744.04
746.75
747.3
746.37
679.22
684.83
689.22
692.87
695.97
698.39
700.17
701.48
702.44
703.04
708.29
716.51
725.41
734.26
742.43
750.14
757.36
764.02
770.21
775.93
775.89
772.17
767.34
762.04
757
752.08
747.51
743.37
739.73
736.57
735.54
736.13
737.62
739.97
742.76
745.98
749.41
752.88
756.34
759.8
760.83
760.08
758.39
755.94
753.07
749.87
746.53
743.3
740.5
738.17
745.62
757.81
770.73
783.41
795.3
806.28
816.47
825.83
834.08
841.28
839.41
833.24
826.44
820.25
815.02
811.01
807.91
805.74
804.31
803.36
803.13
803.66
804.79
805.99
807.31
808.73
810.35
811.88
813.44
815.1
819.24
823.1
826.16
828.44
830.22
831.54
832.38
833.02
833.29
833.57
830.9
828.09
825.87
824.38
823.4
823.02
822.86
822.96
823.38
823.84
824.68
825.02
825.22
825.29
825.19
824.79
824.48
824
823.52
822.99
822.24
822.03
821.97
821.97
822
822
822.01
822.15
822.24
822.4
816.46
806.31
794.17
781.23
768.21
755.52
743.41
731.95
721.12
711.04
707.88
709.65
714.03
719.72
726.04
732.61
738.97
745.09
750.84
756.04
760.75
765.04
768.89
772.4
775.53
778.28
780.7
782.57
784.24
785.63
786.78
787.66
788.13
788.49
788.66
788.64
788.53
788.37
788.23
788.07
787.57
787.06
786.72
786.24
785.75
785.2
784.65
784.25
783.65
783.05
791.12
802.92
814.74
826.12
836.76
846.48
855.39
863.61
871.32
878.46
876.62
870.68
864.25
858.09
852.52
847.72
843.63
840.09
837.23
834.95
833.41
832.18
831.4
830.82
830.27
829.77
829.25
828.89
828.63
828.36
824.99
820.56
816.08
811.84
807.97
804.57
801.56
798.74
796.02
793.53
797.21
803.17
809.25
814.91
819.67
823.58
826.93
829.84
832.51
834.86
834.08
832
829.8
827.83
826.49
825.62
825.11
824.82
824.77
824.95
824.27
823.39
822.47
821.53
820.76
820.12
819.42
818.92
818.28
817.59
818.54
820.17
822.01
823.87
825.62
827.35
828.98
830.43
831.95
833.32
833.68
833.61
833.44
833.31
833.12
832.96
832.95
833
832.83
832.83
833.33
834.13
835.03
835.87
836.77
837.85
838.98
840.13
841.39
842.57
843.34
843.94
844.48
845.01
845.59
846
846.35
846.63
846.97
847.41
848.13
848.87
849.77
850.63
851.54
852.43
853.41
854.37
855.18
855.9
856.42
856.73
856.92
857.18
857.33
857.46
857.3
857.16
857.11
857.12
857.19
857.49
857.88
858.3
858.81
859.3
859.83
860.57
861.47
862.31
856.97
846.93
834.91
821.74
807.73
793.22
778.44
763.04
747.15
730.99
720.81
715.19
711.58
709.16
707.72
706.79
706.44
706.65
707.23
708.43
710.05
711.94
713.89
716.06
718.15
720.43
722.69
725.04
727.9
730.55
733.22
736.01
738.69
741.2
743.7
746.13
748.64
754.57
764.89
774.43
782.93
791.04
801.22
812.11
822.88
833.12
842.75
850.74
855.05
860.66
867.11
873.68
878.16
881.77
885.54
889.64
894
896.32
897.32
897.46
897.36
897.15
896.69
896.03
895.01
893.98
892.76
891.52
889.98
888.71
887.61
886.43
885.33
885.43
885.72
885.9
886.21
886.44
886.97
887.49
887.79
888.85
890.29
890.58
891.33
892
892.92
893.79
894.74
895.43
896.25
895.89
895.14
894.66
893.91
893.94
895.64
898.4
901.02
904.16
907.56
911.86
916.39
920.81
924.98
928.63
930.54
931.72
932.91
933.88
934.82
935.52
936.11
936.57
936.85
937.13
937.5
937.79
937.92
937.98
937.71
936.18
933.79
931.64
929.81
928.25
926.79
925.01
923.43
922.09
920.9
921.22
922.65
924.22
925.82
927.11
928.19
929.63
931.04
932.36
933.78
934.82
935.47
935.94
936.29
936.67
937.12
937.44
937.86
937.99
938.08
938.39
939.2
939.87
940.55
941.27
941.94
942.65
943.06
943.56
944.04
943.72
942.43
941.22
939.91
938.61
937.32
935.96
934.28
932.41
930.7
929.84
929.44
929.3
929.2
929.43
929.44
929.68
930.3
931.09
931.58
930.9
929.67
927.99
926.27
923.99
922.12
919.95
917.88
916.1
914.53
913.86
913.94
914.13
914.62
915.38
916.29
917.17
917.91
918.62
919.05
918.16
916.4
914.44
912.3
910.18
907.72
905.46
903.41
901.51
900.07
898.32
896.13
893.91
891.47
889.27
887.49
885.49
883.28
881.01
878.65
874.04
867.03
859.3
851.3
842.25
832.73
823.28
814.02
804.8
795.73
790.2
788.24
787.34
787.15
787.92
789.09
790.03
791.18
792.57
793.87
795.39
797.16
798.87
800.58
802.37
804.18
806.28
808
809.02
810.01
812.13
814.87
819.33
823.8
828.51
832.73
836.86
841.18
845.46
849.76
853.18
855.91
856.94
858.15
858.6
858.91
859.42
859.84
860.51
861.19
861.59
862.04
862.53
862.32
862.11
861.61
859.85
850.1
837.84
824.09
809.65
794.26
778.2
761.82
745.12
728.5
712.58
704.36
698.16
692.88
688.15
683.84
679.88
676.19
672.74
669.46
666.37
663.45
660.7
668.15
679.06
691.62
705.3
719.66
734.7
750.26
766.62
783.88
801.94
810.7
817.41
823.38
828.99
834.83
840.83
846.9
852.85
858.42
863.65
868.56
872.48
875.89
878.88
881.21
883.12
884.62
885.62
886.15
886.73
886.49
886.04
885.31
884.65
883.87
882.84
881.94
880.38
878.84
876.94
875.42
873.99
872.8
871.37
870.2
868.73
867.06
866.54
866.1
868.31
871.44
874.26
876.93
879.51
881.96
884.52
886.72
888.25
889.54
888.04
885.64
883.7
880.79
877.82
874.25
870.62
867.2
863.66
860.39
857.15
853.94
850.42
847.83
845.52
843.61
841.84
840.17
838.8
837.49
835.07
832.24
829.46
826.72
824.15
822
819.97
818.03
816.01
813.85
812.9
812.49
812.3
812.26
812
811.74
811.43
811.2
811.15
811.12
811.12
811.15
810.98
810.69
810.4
810.01
809.68
809.46
809.07
808.97
808.83
808.15
806.01
803.69
801.38
799.61
798.22
796.88
796.18
795.68
795.36
795.05
795.79
796.82
797.92
798.49
798.83
798.96
798.72
798.63
798.68
799.14
800.14
800.77
801.32
802.13
803.07
804.09
804.93
804.49
803.99
803.9
803.95
804.35
804.7
805.06
805.33
805.65
805.54
806.51
807.35
807.85
808.35
808.86
809.3
808.92
808.28
807.32
806.5
809.4
815.08
820.41
825.21
829.3
833.03
837
839.64
841.92
844.21
842.58
838.15
833.89
829.67
825.78
822.77
820.05
818.88
818.43
818.07
817.54
816.79
816.17
815.47
815
814.01
813.02
811.95
810.9
809.38
807.65
805.53
803.53
801.92
800.69
799.68
798.87
798.14
797.29
797.3
797.77
798.99
800.32
801.61
801.9
801.95
801.87
801.69
801.59
801.4
801.03
800.79
800.69
800.21
800.09
800
799.67
799.53
799.96
800.58
801.31
801.72
801.87
802.4
803.41
804.34
805.15
805.93
805.91
805.56
805.11
804.6
804
803.57
803.11
802.73
802.57
802.38
802.38
802.24
801.85
801.29
800.74
800.01
799.5
799.75
800.42
799.49
797.63
795.41
793.15
790.98
788.75
786.53
783.92
780.47
775.98
771.86
768.06
764.47
760.84
757.11
752.92
748.01
742.68
737.13
731.83
727.38
723.88
722.05
721.21
720.97
721.42
722.67
724.53
726.88
729.68
732.86
735.85
737.55
738.58
739.26
739.75
740.21
740.56
740.83
741.03
741.08
740.54
739.75
738.74
738.19
739.34
741.34
748.35
760.44
779.62
798.69
818.98
840.04
863.15
885.35
906.69
927.56
945.03
958.11
965.14
972.76
976.97
979.88
979.21
977.57
970.93
961.59
948.99
934.29
917.32
898.66
878.96
858.55
838.88
819.81
804.28
790.39
777.6
765.73
754.9
744.97
738.41
733.16
728.7
724.71
721.03
717.59
714.29
711.96
710.34
709.55
709.56
710.01
710.91
712.43
714.58
717.44
720.96
724.3
727.34
730.08
732.45
734.62
736.63
738.51
740.26
741.88
742.33
741.15
737.85
733.64
728.82
723.72
718.45
712.98
707.42
701.73
696.94
693.36
691.55
690.44
689.66
688.95
688.19
687.61
686.96
686.03
684.94
683.89
682.94
681.99
681.06
680.19
679.32
678.19
676.75
675.12
673.76
672.5
671.27
670.06
669.05
667.94
666.86
665.86
665.17
664.89
664.5
664.07
663.32
661.87
659.85
657.82
655.48
652.85
650.19
647.39
644.36
641.29
638.35
635.89
633.7
631.5
629.53
627.79
626.01
624.42
623.08
621.76
620.54
619.47
618.56
617.8
617.16
616.59
616.09
615.56
615.02
614.51
614.01
613.52
613
612.44
611.86
611.27
610.68
610.08
609.48
608.9
608.64
608.63
608.66
608.66
608.6
608.48
608.23
608.3
608.53
608.78
608.71
608.37
607.98
607.63
607.34
606.76
605.86
604.2
601.98
599.4
596.65
593.86
591.12
588.6
586.33
584.73
583.93
583.89
584.57
586.21
590.33
611.52
655.41
708.07
764.11
822.49
880.47
934.74
984.47
1028.95
1068.36
1090.37
1088.34
1075.75
1058.23
1035.2
1010.29
988.25
970.09
956.43
945.35
934.57
925.08
917.2
910.52
906.7
904.81
903.52
927.57
971.26
1017.08
1060.5
1101.43
1141.03
1181.64
1223.53
1265.71
1308.03
1332.35
1320.81
1301.04
1279.27
1256.21
1231.89
1205.62
1177.12
1147.48
1116.98
1078.96
1056.93
1040.99
1029.49
1021.77
1015.67
1009.8
1004.36
999.37
994.73
990.34
986.05
981.75
977.35
972.85
969.29
966.54
964.34
961.52
956.35
949.96
943.06
935.84
928.22
920.23
911.77
902.83
893.32
884.35
877.6
871.98
866.84
862
857.49
853.27
849.24
845.36
841.72
838.29
835.05
832.12
829.41
826.87
824.49
822.12
819.86
817.8
815.92
814.21
812.62
810.99
809.32
807.65
806.02
804.54
803.2
801.97
800.82
799.72
798.69
797.7
796.74
795.77
794.82
793.91
793.07
792.28
791.57
790.95
790.43
790.01
789.66
789.4
789.18
788.98
788.66
788.3
787.9
787.51
787.1
786.66
786.22
785.77
785.31
784.87
784.53
784.23
783.92
783.56
783.17
782.82
782.52
782.3
782.13
782
781.93
781.93
782.06
786.61
792.17
798.28
804.71
811.39
818.32
825.53
832.9
840.37
847.91
851.15
853.52
855.43
857.13
858.61
859.94
861.08
862.18
863.2
864.19
865.24
866.32
867.39
868.44
869.53
870.57
871.67
872.75
873.88
874.94
871.81
867.57
862.75
857.51
851.91
846.08
839.94
833.57
827.03
820.37
817.67
815.86
814.43
813.24
812.26
811.5
810.89
810.46
810.07
809.76
809.56
809.47
809.48
809.53
809.59
809.58
809.5
809.27
809.08
808.89
808.72
808.53
808.42
808.38
808.41
808.51
808.71
808.94
809.13
809.33
809.51
809.75
809.93
810.01
810.07
809.6
808.85
807.92
806.88
805.66
804.2
802.44
800.48
798.43
796.19
794.3
792.58
790.98
789.43
787.94
786.59
785.4
784.35
783.46
782.64
781.84
781.02
780.23
779.48
778.82
778.26
777.75
777.27
776.81
776.42
776.12
775.86
775.63
775.36
774.99
774.5
773.99
773.45
772.84
772.24
771.61
771.02
770.43
769.93
769.54
769.16
768.74
768.25
767.7
767.12
766.54
765.94
765.33
764.7
764.02
763.4
762.86
762.54
762.31
762.04
761.73
761.47
761.19
761
760.74
758.99
756.32
752.87
748.88
744.54
739.86
734.81
729.47
723.74
717.85
713.16
709.11
705.45
702.09
698.92
695.94
693.1
690.41
687.82
685.31
683.5
682.17
681.22
680.55
680.17
680.06
680.16
680.48
681
681.64
681.22
680.1
678.5
676.56
674.33
671.87
669.19
666.31
663.24
660.08
657.42
657.57
660.61
664.82
669.83
675.21
680.54
686.11
692.28
699.27
706.87
712.42
715.62
718
719.64
721.08
722.77
724.65
726.5
727.89
729.01
730.02
730.87
731.5
732.29
733.11
734.13
735.24
736.16
737.05
737.94
738.63
739.09
739.65
740.23
740.95
741.8
742.51
743.21
743.9
744.39
744.73
745.2
745.71
746.31
747.07
747.74
748.37
748.95
749.36
749.64
750.03
750.5
751.21
752.05
752.74
753.33
753.8
754.06
754.29
754.65
755.11
755.71
756.14
756.27
756.16
755.82
755.51
755.33
756.27
756.3
756.89
757.14
758.07
758.28
758.04
758.1
758.24
758.04
756.67
756.37
755.81
755.68
755.01
755.31
756.24
757.12
758
759.32
760.88
762.47
763.86
765.15
766.38
767.54
768.7
769.85
770.98
772.08
772.98
773.47
773.6
773.59
771.99
769.19
765.87
764.3
763.87
763.27
762.77
762.62
762.85
763.22
765.19
768.37
772.07
774
774.79
775.72
776.71
777.72
778.71
779.67
780.6
781.5
782.4
783.29
784.15
785.01
785.85
786.68
787.47
788.26
789.04
789.84
790.6
791.38
792.18
792.98
793.8
794.57
795.36
796.14
796.91
797.64
798.41
799.15
799.85
800.56
801.25
801.96
802.67
803.39
804.1
804.84
805.56
806.26
806.99
807.67
808.36
809.06
809.74
810.39
811.03
811.67
812.31
812.95
813.59
814.27
814.93
815.57
816.22
816.86
817.51
818.13
818.73
819.31
819.84
820.35
820.86
821.36
821.84
822.32
822.77
823.22
823.67
824.12
824.54
824.96
825.35
825.73
826.09
826.44
826.8
827.14
827.44
827.75
828.09
828.4
828.7
829
829.27
829.54
829.79
830.06
828.27
824.11
818.63
812.3
805.26
797.61
789.44
780.82
771.78
762.36
754.65
748.95
744.24
740.09
736.37
732.99
729.89
727
724.3
721.74
719.61
718.07
717.02
716.38
716.03
716.01
716.31
716.92
717.85
719.04
719.65
719.26
718.25
716.81
715.09
713.05
710.73
708.13
705.26
702.16
703.38
708.03
714.12
721.3
729.71
739.16
749.27
759.59
769.91
780.37
786.98
790.91
793.86
796.05
797.32
797.86
797.99
798.15
798.55
799.05
799.61
800.21
800.84
801.5
802.16
802.81
803.45
804.11
804.75
805.36
805.99
806.6
807.19
807.78
808.37
808.94
809.53
810.07
810.62
811.16
811.7
812.24
812.78
813.31
813.84
814.35
814.86
815.38
815.88
816.41
816.95
817.5
818
818.49
818.94
819.38
819.81
820.23
820.61
820.98
821.31
821.6
821.93
822.27
822.66
823.05
823.44
823.83
824.23
824.61
824.99
825.38
825.76
826.11
826.41
826.73
827.03
827.34
827.66
827.95
828.24
828.54
828.83
829.11
829.39
829.65
829.91
830.15
830.4
830.65
830.91
831.14
831.37
831.59
831.82
832.05
832.29
832.52
832.72
832.94
833.14
833.36
833.58
833.8
833.99
834.19
834.4
834.61
834.81
835.02
835.23
835.41
835.6
835.81
836.01
836.21
836.36
836.52
836.7
836.85
836.99
837.16
837.31
837.45
837.6
837.73
837.87
838.01
838.13
838.25
838.38
838.49
838.61
838.71
838.82
838.96
839.1
839.22
839.34
839.45
839.56
839.68
839.77
839.88
840
840.08
840.17
840.28
840.39
840.51
840.63
840.73
840.85
840.96
841.18
841.34
841.46
841.51
841.52
841.52
841.5
841.45
841.37
841.28
841.09
840.95
840.81
840.75
840.73
840.73
840.76
840.84
840.94
841.06
841.15
841.25
841.39
841.52
841.67
841.81
841.91
842
842.1
842.2
842.3
842.4
842.51
842.58
842.68
842.76
842.89
842.98
843.08
843.16
843.27
843.39
843.47
843.57
843.64
843.72
843.76
843.84
843.91
843.96
843.98
843.98
844.01
844.04
844.05
844.08
844.07
844.03
843.99
843.99
844.01
844.08
844.16
844.24
844.31
844.37
844.48
844.62
844.75
844.86
844.94
844.96
844.94
844.91
844.95
844.85
844.7
844.52
844.35
844.19
843.99
843.78
843.56
843.3
842.96
842.72
842.49
842.29
841.99
841.64
841.31
840.97
840.61
840.24
839.89
839.5
839.09
838.68
838.29
837.91
837.56
837.22
836.9
836.62
836.34
836.1
835.91
835.71
835.55
835.43
835.31
835.22
835.13
835.06
834.98
834.94
834.89
834.87
834.87
834.85
834.82
834.77
834.75
834.72
834.65
834.55
834.43
834.27
834.12
833.94
833.73
833.54
833.3
833.03
832.78
832.58
832.38
832.18
831.95
831.74
831.54
831.34
831.17
831.04
830.94
830.8
830.69
830.65
830.75
830.89
831.04
831.18
831.33
831.46
831.58
831.69
831.8
831.84
831.76
831.64
831.54
831.43
831.31
831.22
831.15
831.06
830.98
830.89
830.8
830.83
830.81
830.76
830.71
830.63
830.52
830.45
830.36
830.31
830.4
830.32
830.23
830.15
830.07
830
829.94
829.9
829.86
829.78
829.56
829.41
829.31
829.24
829.16
829.1
829.04
828.96
828.89
828.85
828.79
828.73
828.65
828.59
828.55
828.47
828.41
828.33
828.25
828.15
828.07
827.98
827.93
827.86
827.8
827.74
827.66
827.58
827.5
827.43
827.37
827.3
827.22
827.14
827.05
826.98
826.91
826.87
826.82
826.78
826.72
826.68
826.64
826.6
826.57
826.51
826.47
826.41
826.37
826.33
826.3
826.26
826.22
826.19
826.15
826.15
826.13
826.09
826.06
826.01
825.96
825.92
825.93
825.92
825.92
825.89
825.84
826.06
826.19
826.19
826.1
825.98
825.78
825.59
825.37
825.2
825.07
824.73
824.47
824.33
824.28
824.24
824.22
824.23
824.24
824.23
824.2
824.15
824.07
824.01
823.97
823.93
823.89
823.79
823.76
823.69
823.62
823.54
823.49
823.47
823.44
823.43
823.42
823.45
823.43
823.46
823.5
823.52
823.52
823.49
823.44
823.41
823.38
823.34
823.3
823.25
823.2
823.16
823.13
823.09
823.07
823.03
823
822.98
822.96
822.94
822.9
822.89
822.83
822.81
822.75
822.71
822.66
822.6
822.54
822.49
822.47
822.41
822.4
822.35
822.34
822.3
822.27
822.24
822.22
822.18
822.12
822.08
822.03
821.98
821.91
821.87
821.82
821.78
821.71
821.66
821.63
821.58
821.54
821.51
821.49
821.43
821.37
821.32
821.28
821.25
821.17
821.17
821.15
821.1
821.06
821.05
821.04
821.09
821.17
821.19
821.25
821.24
821.26
821.29
821.32
821.36
821.39
821.35
821.3
821.29
821.26
821.26
821.27
821.3
821.32
821.31
821.33
821.37
821.36
821.34
821.35
821.39
821.4
821.43
821.48
821.56
821.6
821.61
821.67
821.75
821.83
821.83
821.86
821.85
821.83
821.8
821.89
821.98
822.09
822.14
822.18
822.25
822.28
822.34
822.37
822.43
822.35
822.29
822.22
822.16
822.12
822.08
822.02
821.96
821.94
821.85
821.8
821.74
821.64
821.62
821.57
821.53
821.52
821.52
821.5
821.5
821.54
821.56
821.63
821.61
821.63
821.65
821.66
821.7
821.74
821.82
821.86
821.93
821.96
822.03
822.07
822.1
822.17
822.17
822.17
822.14
822.13
822.1
822.09
822.08
822.08
822.07
822.05
822.09
822.12
822.14
822.18
822.27
822.36
822.44
822.5
822.62
822.71
822.74
822.79
822.87
822.92
822.9
822.88
822.88
822.91
822.88
822.86
822.9
822.93
822.92
822.91
822.94
822.97
823
823.05
823.11
823.16
823.16
823.17
823.19
823.21
823.21
823.27
823.32
823.31
823.28
823.27
823.25
823.26
823.29
823.31
823.33
823.28
823.22
823.16
823.17
823.25
823.39
823.57
824.99
826.39
829.26
831.67
833.65
835.34
836.75
837.99
839.11
840.11
839.77
839.41
837.45
837.12
838.1
840.15
842.9
846.14
849.78
853.92
858.47
863.35
868.71
873.22
876.98
880.15
883.42
886.76
890.18
893.45
896.7
899.95
903.13
906.24
909.49
912.86
915.93
918.8
921.47
924.04
926.51
928.92
931.29
933.7
936.13
938.49
940.81
943.01
945.22
947.5
949.62
950.87
949.88
946.63
941.82
936.87
936.27
937.37
938.72
939.38
941.58
945.5
952.43
961.3
971.3
981.1
986.14
989.01
991.06
993.13
993.01
991.46
988.44
985.07
981.62
977.57
973.21
968.96
964.9
961.03
957.61
954.5
951.73
949.36
947.03
945.26
943.86
942.61
941.23
940.04
938.94
937.83
936.77
935.61
934.58
933.66
932.78
931.89
931.26
930.58
929.92
929.3
928.69
928.14
927.6
927.03
926.48
925.95
925.39
924.83
924.28
923.68
923.11
922.52
921.93
921.37
920.85
920.33
919.83
919.33
918.83
918.3
917.74
917.12
916.45
915.76
915.04
914.3
913.57
912.86
912.04
911.28
910.49
909.7
908.89
908.03
907.14
906.26
905.32
904.4
903.53
902.66
901.8
901.01
900.23
899.59
898.95
898.35
897.77
897.17
896.61
896.05
895.51
895.17
894.89
894.61
894.33
893.99
893.67
893.38
893.14
892.91
892.73
892.3
891.85
891.47
891.13
890.71
890.33
889.98
889.57
889.11
888.65
888.22
887.82
887.28
886.72
886.3
885.95
885.52
885.14
884.63
883.82
882.99
882.17
881.32
880.52
879.7
878.8
877.96
877.1
876.46
876.11
875.81
875.51
875.27
874.95
874.65
874.35
874.02
873.75
873.45
873.16
872.82
872.49
872.16
871.94
871.65
871.48
871.39
871.2
871.04
870.88
870.79
870.7
870.63
870.19
870.03
870.03
870.19
870.62
871.21
871.99
872.89
873.94
875.1
876.7
878.22
879.57
880.81
881.91
882.95
883.92
884.87
885.78
886.65
887.49
888.27
888.84
889.29
889.7
890.03
890.28
890.43
890.46
890.4
890.26
890.06
889.99
889.97
889.96
890
890.13
890.32
890.59
890.95
891.38
891.92
892.54
893.17
893.79
894.36
894.83
895.21
895.56
895.81
895.95
895.85
895.44
894.79
893.94
892.9
891.75
890.53
889.27
888.06
887.09
886.56
886.54
887.01
887.93
889.19
890.41
891.44
892.14
892.42
892.15
891.25
889.74
887.65
885.04
882
878.89
875.88
873.12
870.57
868.28
866.38
865.01
864.23
863.94
864.19
864.87
865.91
867.15
868.66
870.37
872.08
873.6
874.83
875.75
876.28
876.52
876.52
876.36
876.07
875.63
875.1
874.55
873.98
873.42
872.86
872.29
871.73
871.2
870.66
870.12
869.56
868.94
868.27
867.6
866.94
866.29
865.65
865.05
864.54
864.13
863.81
863.61
863.53
863.57
863.71
863.93
864.23
864.52
864.79
865.02
865.21
865.36
865.46
865.51
865.56
865.5
865.2
864.67
863.9
862.89
861.76
860.58
859.38
858.17
856.91
855.72
854.73
853.95
853.37
851.74
850.03
848.28
846.5
844.66
842.84
840.99
839.11
837.23
835.38
834.9
834.59
834.34
834.12
833.95
833.75
833.6
833.49
833.4
833.28
832.9
832.51
832.12
831.7
831.26
830.84
830.42
829.93
829.47
828.98
828.64
828.31
827.98
827.68
827.4
827.09
826.75
826.45
826.09
825.75
825.39
825.04
824.69
824.33
823.98
823.69
823.44
823.2
822.97
822.71
822.47
822.22
821.96
821.72
821.45
821.15
820.83
820.48
820.14
819.85
819.58
819.32
819.07
818.82
818.57
818.31
818.04
817.78
817.54
817.29
817
816.74
816.48
816.2
815.93
815.67
815.43
815.19
814.95
814.69
814.45
814.19
813.93
813.63
813.32
813.07
812.8
812.51
812.19
811.88
811.61
811.32
811.04
810.82
810.62
810.47
810.49
810.77
811.6
813.06
815.69
818.9
822.72
827.41
833.2
840.07
847.97
856.68
865.83
875.28
884.06
892.54
900.45
907.39
913.07
917.35
920.19
921.74
922.06
921.22
919.63
917.56
915.27
912.93
910.64
908.47
906.46
904.61
902.89
901.32
899.89
898.59
897.35
896.12
894.86
893.54
892.17
890.77
889.35
887.92
886.59
885.49
884.67
884.1
883.75
883.6
883.6
883.73
883.97
884.29
884.52
884.53
884.25
883.74
883.07
882.29
881.45
880.49
879.52
878.52
877.53
876.5
875.51
874.61
873.88
873.37
873.11
873.22
873.62
874.38
875.51
877.13
879.25
881.82
884.6
887.44
890.17
892.64
894.82
896.59
897.9
898.74
899.09
898.97
898.52
897.84
897.04
896.2
895.37
894.58
893.66
892.53
891.28
889.98
888.62
887.21
885.72
884.23
882.71
881.11
879.57
878.06
876.48
874.78
872.92
870.78
868.33
865.44
862.11
858.44
854.47
850.31
845.93
841.3
836.47
831.56
826.65
821.83
817.2
813.08
809.51
806.38
803.62
801.24
799.22
797.54
796.2
795.19
794.41
793.53
792.55
791.5
790.54
789.63
788.78
788
787.25
786.55
785.87
785.17
784.5
783.91
783.3
782.69
782.08
781.47
780.88
780.3
779.76
779.16
778.54
778.04
777.65
777.31
776.97
776.59
776.18
775.71
775.22
774.87
774.42
773.78
773.02
772.19
771.36
770.56
769.79
769.06
768.33
767.36
766.07
764.84
763.69
762.62
761.59
760.59
759.63
758.71
757.83
757.4
757.92
758.58
759.22
759.79
760.31
760.79
761.25
761.68
762.09
762.29
761.92
761.44
760.99
760.58
760.22
759.9
759.57
759.26
758.97
758.66
758.45
758.26
758.04
757.8
757.55
757.27
757
756.71
756.41
756.18
756.01
755.8
755.54
755.28
754.99
754.7
754.41
754.12
753.84
753.53
753.13
752.73
752.35
751.96
751.56
751.17
750.76
750.35
749.91
749.45
748.96
748.45
747.91
747.37
746.83
746.27
745.72
745.16
744.63
743.94
743.21
742.6
742.12
741.73
741.41
741.13
740.85
740.58
740.29
740.19
740.09
739.84
739.48
739.05
738.58
738.07
737.57
737.08
736.61
735.65
734.3
732.98
731.69
730.5
729.39
728.46
727.66
727.01
726.51
726.25
726.34
732.4
741.16
751.11
761.77
772.33
781.4
787.98
791.54
791.66
791.5
785.51
777.21
767.59
757.33
747.16
738.55
732.49
729.52
730.43
732.05
733.86
735.52
737.44
739.44
741.54
743.68
745.86
748.06
750.32
752.56
754.79
757
759.25
761.6
764.08
766.66
769.25
771.78
774.17
776.39
778.36
780.06
781.42
782.34
782.79
782.8
782.46
781.84
781.02
780.07
779
777.97
777.05
776.27
775.58
774.94
774.31
773.7
773.08
772.54
775.12
790.55
820.59
846.75
869.27
890.1
909.87
927.34
941.53
957.31
971.67
974.32
962.88
955.4
951.84
953.16
954.72
958.28
964.68
964.63
962.42
963.13
968.13
976.55
987.22
1000.05
1017.29
1037.59
1060.57
1095.05
1132.72
1167.79
1197.09
1222.74
1246.06
1264.85
1276.53
1278.63
1275.47
1263.79
1247.97
1229.28
1210.48
1190.97
1170.66
1149.18
1130.86
1118.97
1109.74
1102.01
1095.32
1089
1082.19
1075.2
1068.17
1060.78
1053.29
1045.61
1037.82
1029.91
1022.1
1014.91
1008.93
1003.56
998.59
994.14
989.82
986.15
983.05
980.48
978.13
976.08
974.17
972.55
971.15
969.72
968.65
967.18
965.44
963.43
961.54
959.6
957.6
955.77
953.71
951.7
949.87
948.94
948.83
949.28
949.98
951.22
952.81
954.46
955.37
955.88
956.58
957.02
957.39
958.18
959.11
960.17
961.83
963.17
969.52
977.78
986.17
993.78
998.87
1003.02
1004.89
1005.95
1005.84
1006.04
1002.07
996.58
990.11
983.64
979.19
975.05
972.72
970.98
970.11
969.36
968.86
968.86
969.67
971.32
973.24
975.28
977.28
978.97
980.43
979.46
977.03
973.64
969.22
963.93
979.67
997.45
1017.12
1037.8
1058.73
1082.32
1107.89
1134.07
1161.22
1189.01
1196.49
1203.29
1210.89
1220.61
1234.69
1254.07
1220.84
1187.41
1153.45
1119.15
1083.62
1046.24
1006.08
962.6
914.13
859.76
857.18
854.69
852.32
850.04
847.83
845.66
843.56
841.53
839.55
837.63
835.87
834.25
832.73
831.29
829.92
828.6
827.3
826.04
824.79
823.51
822.18
820.82
819.44
818.03
816.65
815.27
813.87
812.47
811.09
809.71
808.33
806.98
805.7
804.49
803.27
802.1
800.99
799.92
798.87
797.86
796.86
795.81
794.71
793.58
792.45
791.38
790.37
789.43
788.58
787.81
787.1
786.31
785.36
784.33
783.26
782.11
780.92
779.55
778.05
776.4
774.71
773.09
771.62
770.24
768.88
767.54
766.19
764.99
763.89
762.79
761.88
761.58
761.96
762.81
763.83
764.99
766.38
768
769.84
772.06
774.13
776.13
778.79
781.88
785.8
790.25
794.89
799.65
804.52
809.33
814.41
819.3
823.17
826.46
829.03
831.13
833.03
834.74
836.3
837.81
839.19
840.51
893.18
942.82
985.64
1016.53
1040.86
1063.84
1085.82
1105.63
1119.64
1136.6
1093.53
1055.23
1051.42
1067.69
1094.84
1114.56
1092.44
1121.91
1159.06
1188.58
1215.54
1236.79
1229.54
1217.14
1196.74
1192.83
1225.05
1196.4
1161.93
1114.82
1078.78
1046.4
1014.68
979.74
948.32
909.06
876.39
855
837.42
836.95
836.38
835.87
835.46
835.62
836.35
837.56
839.1
841.19
843.69
846.42
850.04
854.12
858.52
860.81
861.62
860.83
859.24
857.38
855.11
855.18
854.74
853.6
851.26
849.12
847.48
846.97
846.92
846.64
846.35
843.92
842.53
844.55
853.15
865.12
879.06
894.35
910.69
928.08
946.29
964.67
982.25
997.97
1008.81
1018.38
1026.67
1033.94
1040.4
1045.96
1051.07
1056.31
1061.1
1064.7
1067.17
1068.62
1069.49
1069.93
1069.79
1068.5
1063.77
1058.03
1052.1
1043.82
1035.41
1027.23
1019.49
1012.16
1005.17
999.15
995.87
992.4
989.1
988.54
988.48
989.52
991.08
992.55
994.17
995.91
998.61
1001.96
1005.42
1008.56
1011.74
1014.17
1016.09
1018.28
1020.25
1022.3
1023.91
1025.47
1026.87
1028.15
1029.3
1030.25
1031.21
1031.99
1032.88
1033.69
1034.52
1035.29
1036.13
1036.99
1039.66
1042.66
1045.61
1048.26
1050.88
1053.34
1055.58
1057.92
1060.3
1062.63
1063.12
1063.27
1063.37
1063.16
1061.51
1060.04
1058.74
1057.42
1056.34
1055.46
1054.68
1053.96
1053.28
1053.15
1054.75
1056.5
1058.47
1060.48
1062.22
1063.85
1065.43
1067.33
1069.31
1071.16
1072.9
1066.71
1062.28
1057.29
1042.2
1023.74
1003.3
981.06
957.41
933.36
909.38
893.33
876.76
861.13
855.76
853.88
854.07
855.84
859.02
862.61
866.04
869.3
871.04
872.31
873.33
874.16
874.84
875.36
875.74
876.04
876.41
876.88
877.47
878.22
879.19
880.39
881.85
883.58
885.58
887.84
890.23
892.73
895.32
897.92
900.48
902.93
905.23
907.37
909.31
911.02
912.48
913.68
914.67
915.58
916.52
917.6
918.87
920.34
922.06
924.03
926.27
928.76
931.47
934.29
937.19
940.11
943.06
946.02
948.96
951.74
954.06
955.81
956.88
957.22
956.75
955.42
954.84
952.95
950.18
946.75
943.03
939.21
935.38
933.86
935.24
938.99
942.95
949.08
956.99
966.89
978.62
992.39
1009.53
1026.36
1041.81
1056.26
1070.02
1083.35
1096.11
1108.24
1119.25
1127.29
1130.56
1132.03
1129.62
1128.4
1126.8
1124.59
1121.75
1118.09
1114.32
1112.82
1113.39
1114.3
1118.21
1120.18
1122.08
1123.92
1125.8
1127.74
1129.41
1129.82
1129.82
1129.57
1128.92
1127.98
1126.63
1124.95
1122.99
1120.7
1118.34
1116.66
1117.11
1118.17
1119.56
1121.23
1123.18
1125.4
1127.73
1130.36
1133.15
1135.62
1136.08
1136.25
1136.4
1136.52
1136.55
1136.54
1136.54
1136.39
1136.32
1136.69
1137.32
1138.02
1138.75
1139.46
1140.5
1141.53
1142.6
1143.84
1144.91
1145.03
1144.64
1143.97
1143.15
1142.22
1140.91
1139.65
1138.42
1137.04
1135.81
1135.31
1135.18
1135.15
1135.26
1135.52
1135.93
1136.36
1136.94
1137.6
1138.27
1138.68
1139.04
1139.33
1139.5
1139.64
1140.18
1141.15
1142.26
1143.69
1145.36
1146.77
1148.09
1149.5
1150.9
1152.37
1153.55
1154.34
1155
1155.33
1155.18
1149.2
1140.78
1131.06
1120.68
1109.59
1098.05
1086.33
1074.35
1062.47
1050.94
1045.51
1042.68
1040.98
1036.62
1032.3
1028.17
1024.1
1020.34
1017.57
1016.23
1015.61
1015.62
1014.34
1010.46
1005.74
1000.35
994.44
988.04
980.33
970.9
960.61
949.53
939.89
936.25
934.03
932.61
931.77
931.37
931.25
931.41
931.84
932.47
933.26
934.19
935.29
936.65
938.1
939.5
941.06
942.63
944.23
945.83
947.48
949.21
950.94
952.69
954.76
962.54
971.13
980.17
989.4
998.75
1008.25
1017.65
1027.12
1036.6
1045.88
1047.68
1048.24
1048.49
1048.35
1044.02
1039.25
1034.57
1029.76
1024.61
1019.25
1014.96
1010.62
1005.96
1001.33
1000.69
1000.22
999.43
998.5
997.6
996.62
996.23
996.06
995.9
995.86
995.83
995.74
995.73
995.9
996.16
996.87
1001.49
1007
1013
1019.29
1025.91
1032.47
1039.21
1046.05
1052.99
1059.52
1060.71
1060.71
1060.04
1058.98
1057.53
1056.23
1054.84
1053.19
1051.46
1049.42
1044.06
1037.24
1029.64
1021.46
1012.87
1003.86
994.65
985.26
975.71
966.52
962.27
959.92
958.65
957.99
957.81
957.96
958.36
959.14
960.07
961.13
961.85
962.41
963.02
963.63
964.21
964.96
965.75
966.51
967.28
967.95
967.57
966.48
964.9
963.1
961.15
958.88
955.77
951.92
949.59
947.05
946.61
947.56
948.49
949.03
949.5
950.06
951.08
951.67
950.17
948.58
946.35
946.49
948.05
950.85
954.25
957.91
962.05
967.53
973.54
980.01
986.37
989.69
992.03
993.83
995.44
996.83
998.11
999.35
1000.86
1002.3
1003.87
1005.67
1007.58
1009.54
1011.38
1013.32
1015.3
1017.01
1018.52
1020.51
1025.74
1030.34
1034.66
1039.21
1043.86
1048.82
1054.03
1059.34
1065.15
1070.14
1068.34
1066.7
1064.93
1062.57
1059.86
1056.75
1054.27
1053.07
1051.38
1049.38
1044.61
1038.08
1030.85
1023.31
1015.47
1007.25
997.66
986.46
974.85
963.54
958.15
954.59
951.79
949.35
947.35
945.61
944.09
942.72
941.58
940.61
939.88
939.13
938.52
938.08
937.62
937.32
937.1
936.96
936.81
936.75
936.46
936.32
936.17
935.95
935.73
935.5
935.32
935.16
935.08
934.94
934.89
934.89
934.72
934.52
934.38
934.29
934.22
934.17
934.22
934.33
934.62
935.18
936.11
937.28
938.58
940.03
941.76
943.86
946.38
948.96
951.41
953.65
955.81
957.91
959.87
961.61
962.76
963.34
963.34
963.24
963.08
962.87
962.53
962.09
961.58
960.97
960.61
960.36
960.06
960.06
963.86
969.32
975.71
982.44
989.5
997.06
1004.76
1012.75
1021.03
1028.67
1028.89
1026.59
1023.02
1018.87
1014.27
1009.1
1003.71
998
991.97
986.23
984.2
983.04
982.27
981.65
981.2
980.81
980.45
980.19
980.03
979.74
977.96
975.58
972.82
969.83
966.6
963.26
959.76
956.08
952.23
948.39
945.9
943.91
942.16
940.59
939.17
937.87
936.83
935.88
935.09
934.39
934.59
935.24
936.28
937.63
939.17
940.92
942.68
944.73
946.8
948.93
950.09
950.65
950.61
950.18
949.53
948.62
947.54
946.18
944.71
943.17
941.82
940.87
940.47
940.4
940.54
940.63
940.49
940.09
939.43
938.55
937.45
936.02
934.19
932.08
929.74
927.61
925.92
924.51
923.45
922.87
922.62
922.65
922.92
923.32
923.92
924.47
924.93
925.47
926.07
926.54
926.92
927.23
927.49
927.79
928.04
928.34
928.7
929.03
929.38
929.7
930.04
930.39
930.79
931.22
931.68
932.13
932.56
933.06
933.55
934.05
934.64
935.28
935.93
936.6
937.34
938.16
939.03
939.91
940.94
942.12
943.44
944.82
946.21
947.55
948.73
949.8
950.81
951.78
952.66
953.47
955.42
957.93
960.84
964.22
968.04
972.1
976.31
980.75
985.2
989.55
990.85
990.99
990.43
989.16
987.38
985.3
982.99
980.4
977.63
974.93
973.34
972.08
970.99
970.05
969.26
968.53
967.86
967.1
966.3
965.43
965.03
964.79
964.57
964.36
964.16
963.91
963.61
963.39
963.23
963.02
962.88
962.77
962.73
962.82
962.97
963.33
963.85
964.67
965.87
967.21
968.71
970.31
971.94
973.48
975.09
976.58
978.05
979.12
979.82
980.46
980.73
980.77
980.55
980.14
979.51
978.81
977.95
977.2
976.42
975.56
974.83
974.27
973.79
973.47
973.15
972.85
972.61
972.33
972.12
971.95
971.91
971.85
971.97
972.19
972.49
972.88
973.25
973.75
974.31
974.94
975.56
975.96
976.16
976.31
976.38
976.32
976.22
976.02
975.74
975.33
974.85
974.51
974.25
973.94
973.62
973.22
972.86
972.51
972.2
971.97
971.79
971.6
971.46
971.34
971.24
971.25
971.29
971.3
971.24
971.18
971.86
972.79
974.15
976.03
978.32
980.95
983.69
986.61
989.65
992.71
993.49
993.55
992.96
991.72
990.02
987.95
985.66
983.13
980.46
977.73
976.42
976.89
977.96
979.23
980.49
981.68
982.86
984.23
985.6
986.87
988.21
988.16
987.68
987.24
986.95
986.79
986.66
986.35
986.14
986.18
986.25
986.49
986.89
987.33
987.72
988.16
988.78
989.59
990.48
991.35
992.36
993.51
994.63
995.73
996.86
997.99
999.13
1000.22
1001.38
1002.6
1003.74
1004.71
1005.73
1006.77
1007.82
1008.9
1009.8
1010.62
1011.34
1011.93
1012.61
1013.25
1013.7
1014.13
1014.54
1014.94
1015.53
1016.23
1016.81
1017.36
1017.7
1017.95
1018.21
1018.38
1018.48
1018.43
1018.22
1017.85
1017.53
1017.37
1019.4
1021.96
1024.77
1027.81
1031.14
1034.81
1039
1043.48
1048.32
1053.37
1056.47
1059.54
1062.51
1065.16
1067.58
1069.95
1072.02
1073.96
1075.68
1076.95
1076.44
1075.21
1073.77
1072.36
1070.88
1069.16
1067.25
1065.3
1063.09
1060.98
1060.52
1060.37
1060.39
1060.56
1060.87
1061.25
1061.71
1062.18
1062.79
1063.44
1064.05
1064.68
1066.04
1067.49
1069.1
1070.1
1070.74
1071.16
1071.5
1071.69
1071.72
1071.63
1070.7
1069.57
1068.17
1067.26
1066.51
1065.79
1065.01
1063.76
1062.56
1061.41
1060.29
1059.18
1058.1
1057.05
1056.12
1055.3
1054.57
1054.48
1054.51
1054.64
1054.78
1054.95
1055.18
1055.44
1055.68
1055.94
1056.2
1056.39
1056.62
1056.83
1057.06
1057.3
1057.5
1057.76
1058.07
1058.47
1058.86
1059.23
1059.94
1060.96
1061.82
1062.64
1063.39
1063.96
1064.41
1064.91
1065.42
1065.94
1066.13
1066.06
1066.11
1066.29
1066.49
1066.9
1067.4
1067.73
1068.12
1068.54
1071.44
1075.83
1082.65
1089.97
1094.98
1098.19
1100.78
1103.15
1105.22
1107.07
1106.25
1103.72
1098.55
1092.58
1088.77
1087.67
1088
1088.99
1090.45
1092.26
1094.53
1097.05
1099.95
1102.8
1105.42
1106.93
1107.43
1107.45
1107.31
1106.99
1106.37
1105.62
1104.7
1103.91
1103.54
1103.31
1103.32
1103.31
1103.27
1103.26
1103.28
1103.42
1103.58
1103.82
1104.04
1104.22
1104.35
1104.49
1104.64
1104.74
1104.79
1104.74
1104.73
1104.63
1104.62
1104.58
1104.61
1104.78
1104.96
1105.14
1105.27
1105.45
1105.54
1106.21
1107.61
1109.23
1110.59
1111.9
1113.18
1114.59
1116.1
1117.58
1119.25
1120.42
1120.72
1120.79
1121.14
1121.45
1121.71
1121.97
1122.11
1122.2
1122.26
1122.24
1122.16
1121.42
1120.26
1119.05
1117.8
1116.41
1114.98
1113.61
1112.12
1110.64
1109.18
1108.41
1107.86
1107.04
1105.96
1105.3
1104.83
1103.89
1102.58
1100.78
1098.49
1095.83
1092.89
1089.91
1086.97
1083.37
1079.43
1075.66
1072.06
1068.83
1066
1063.43
1061.07
1058.91
1056.85
1054.88
1052.96
1051.18
1049.38
1047.67
1046.15
1044.51
1042.78
1041.04
1039.38
1037.74
1036.17
1034.53
1032.95
1031.37
1029.65
1028.07
1026.7
1025.4
1024.15
1022.95
1021.81
1020.67
1019.62
1018.58
1017.51
1016.41
1015.26
1014.13
1012.94
1011.91
1010.84
1009.9
1008.84
1007.79
1006.79
1005.84
1004.96
1004.01
1003.16
1002.2
1001.21
1000.24
999.3
998.46
1001.21
1006.59
1012.95
1021.15
1029.74
1037.75
1046.07
1054.54
1063
1072.03
1077.92
1080.12
1081.62
1081.58
1080.3
1079.28
1077.76
1076.07
1074.65
1073.03
1070.95
1070.01
1068.89
1067.89
1067.87
1068.28
1069.14
1069.96
1070.77
1071.28
1071.87
1072.66
1073.42
1074.24
1075.21
1076.29
1077.39
1078.65
1079.93
1081.1
1082.54
1083.85
1085.46
1086.81
1087.95
1089.18
1090.24
1091.28
1092.31
1093.44
1094.49
1095.58
1096.39
1097.24
1098.11
1098.73
1099.55
1100.53
1101.47
1102.4
1103.35
1104.3
1105.37
1106.45
1107.54
1108.93
1110.23
1111.4
1112.62
1113.96
1115.16
1116.38
1117.49
1118.9
1120.43
1121.47
1122.5
1123.68
1125.03
1126.29
1127.72
1129.4
1131.05
1132.53
1134.05
1135.16
1136.38
1137.54
1138.56
1139.62
1140.54
1141.24
1141.93
1142.54
1142.98
1144.06
1144.97
1145.8
1146.44
1147.05
1147.65
1148.12
1148.65
1149
1149.24
1149.39
1149.57
1149.82
1150.05
1150.2
1150.33
1150.47
1150.39
1150.31
1150.35
1150.39
1150.25
1149.94
1149.79
1149.62
1149.48
1149.31
1149.32
1149.47
1149.61
1149.8
1150.09
1150.42
1150.77
1151.12
1151.46
1151.89
1152.4
1152.86
1153.51
1155.08
1156.83
1158.57
1160.25
1161.91
1163.59
1165.05
1166.59
1168.01
1168.87
1169.11
1169.3
1169.46
1169.47
1169.79
1169.99
1170
1170.03
1169.81
1170.01
1169.52
1168.28
1167.02
1165.81
1164.33
1162.84
1161.74
1159.56
1157.13
1154.37
1151.58
1149.38
1147.21
1144.9
1142.53
1140.12
1137.51
1135.64
1134.28
1133.23
1132.5
1131.67
1131.11
1131.19
1131.67
1132.44
1133.52
1134.8
1136.23
1137.6
1139.1
1140.75
1142.14
1143.19
1143.96
1144.59
1145
1145.38
1145.66
1145.89
1146.11
1146.31
1146.56
1146.73
1146.79
1146.82
1146.87
1146.86
1146.86
1146.89
1146.87
1146.87
1146.77
1146.65
1146.51
1146.34
1146.16
1146.03
1145.9
1145.77
1145.69
1145.71
1145.7
1145.67
1145.69
1145.75
1145.81
1145.84
1145.84
1145.8
1145.75
1145.65
1145.69
1145.78
1145.84
1145.85
1145.84
1145.84
1145.82
1145.81
1145.75
1145.65
1145.47
1145.28
1145.1
1144.91
1144.75
1144.56
1144.45
1144.34
1144.28
1144.22
1144.19
1144.15
1144.08
1144.14
1144.17
1144.24
1144.29
1143.37
1141.85
1140.2
1138.58
1137.02
1135.71
1134.56
1133.58
1132.66
1132.31
1133.31
1135.07
1137.14
1139.27
1141.47
1143.59
1145.58
1147.46
1149.26
1150.55
1151.46
1152.19
1152.68
1152.92
1153.11
1153.23
1153.26
1153.26
1153.33
1153.25
1153.22
1153.16
1153.2
1153.37
1153.51
1153.61
1153.65
1153.73
1153.62
1152.82
1151.82
1150.84
1149.76
1148.65
1147.47
1146.17
1144.91
1143.58
1142.67
1142.52
1142.59
1142.68
1142.88
1143.12
1143.34
1143.62
1143.87
1144.15
1143.9
1143.81
1143.61
1143.42
1143.18
1142.6
1141.91
1141.95
1142.03
1142.26
1142.76
1143.14
1143.59
1144.04
1144.53
1145.36
1146.3
1146.58
1146.77
1146.91
1146.98
1146.95
1146.79
1146.62
1146.22
1145.79
1145.2
1144.51
1144.17
1143.79
1143.29
1143.04
1142.87
1142.69
1142.4
1142.37
1142.24
1142.36
1141.99
1141.46
1141.06
1140.51
1139.87
1139.15
1139.02
1138.18
1138.04
1137.52
1137.24
1136.88
1136.76
1136.56
1136.35
1136.21
1135.69
1135.64
1135.26
1134.88
1134.39
1134.17
1133.67
1133.08
1132.55
1132.08
1131.75
1131.28
1130.65
1130.23
1129.88
1129.48
1128.96
1128.48
1128.04
1127.43
1126.7
1126.18
1125.52
1125.04
1124.64
1124.24
1123.65
1123.24
1122.65
1122.24
1121.86
1121.62
1121.81
1121.95
1122.05
1122.06
1122.45
1122.81
1123.26
1123.72
1124.13
1124.36
1124.43
1124.29
1124.07
1123.88
1123.48
1123.05
1122.65
1122.16
1121.77
1121.26
1120.74
1120.22
1119.61
1119.08
1118.63
1118.1
1117.34
1116.54
1115.64
1114.78
1113.89
1112.94
1112.07
1111.12
1110.31
1109.59
1109.13
1108.69
1108.29
1107.81
1107.28
1106.92
1106.51
1106.02
1105.48
1104.62
1103.78
1102.88
1101.9
1101.09
1100.13
1098.97
1097.49
1095.6
1095.05
1094.79
1094.35
1093.76
1093.08
1092.19
1091.21
1090.16
1089.27
1088.7
1086.59
1084.18
1081.77
1079.44
1077.27
1075
1072.68
1070.31
1067.98
1065.64
1063.3
1061
1058.67
1056.29
1053.71
1051.21
1048.82
1046.53
1044.27
1042.02
1039.81
1037.67
1035.58
1033.55
1031.63
1029.76
1027.94
1026.12
1024.32
1022.58
1020.88
1018.97
1016.91
1015.37
1015.18
1015.52
1016.15
1017.17
1018.44
1019.87
1021.47
1023.64
1025.98
1028.74
1030.26
1031.42
1032.6
1033.75
1034.7
1035.63
1036.62
1037.46
1038.23
1038.44
1038.71
1038.78
1038.82
1038.67
1038.59
1038.29
1038.01
1037.8
1037.81
1037.56
1037.29
1036.95
1036.59
1036.27
1036.06
1036.07
1035.86
1035.45
1034.98
1034.62
1034.3
1034.22
1033.69
1033.39
1032.87
1032.26
1031.59
1031.26