21.1
21.1
21.1
21.1
21.1
21.1
21.1
21.1
21.1
21.1
21
21.09
21.09
21.08
21.07
21.06
21.06
21.05
21.05
21.05
21.05
21.04
21.04
21.04
21.04
21.05
21.04
21.04
21.01
20.98
20.96
29.78
52.5
85.21
120.81
150.6
183.85
221.5
244.4
260.11
286.14
323.13
330.95
320.48
303.66
290.93
273.77
251.54
249.19
266.14
276.5
276.67
289.58
307.85
328.4
371.54
408.84
447.92
480.77
501.79
513.39
508.77
507.95
537
577.97
602.08
635.43
669.2
703.5
735.24
772.9
816.94
859.32
874.5
878.37
880.32
871.96
850.89
824.79
800.35
775.82
751.1
719.49
689.61
652.72
612.22
581.98
564.21
552.47
540.65
528.45
515.54
510.19
503.58
503.3
502.15
502.81
504.88
509.25
514.55
520.22
527.17
533.39
538.63
545.12
573.62
608.04
641.79
671.81
702.23
731.49
762.51
788.44
814.32
845.01
859.59
865.63
869.95
877.52
884.1
891.07
895.67
904.85
914.3
918.06
917.54
917.86
917.09
912.42
908.76
907.68
906.08
902.98
897.42
890.01
880.33
864.87
846.47
826.07
799.92
767.23
732.65
702.89
678.83
662.58
645.27
629.03
615.12
601.28
590.42
610.74
649.22
688.81
721.04
738.68
762.53
794.17
841.16
893.67
934.47
960.29
974.04
984.35
995.88
1014.56
1029.08
1038.22
1016.71
990.31
977.11
948.94
917.65
887.52
861.21
836.17
811.67
786.27
776.65
770.09
764.23
761.55
759.36
755.51
750.78
746.4
747.8
758.21
770.98
783.59
798.13
822.97
851.21
877.16
900.05
921.73
935.74
936.43
931
922.75
909.43
883.55
850.98
818.26
786.44
755.03
727.17
704.45
686.88
672.36
660.94
652.08
646.01
642.62
641.72
642.14
642.21
642.24
641.91
641.64
642.5
643.27
643.84
644.67
646.04
647.74
650.36
653.34
656.41
659.42
661.42
663.48
665.93
668.6
671.18
673.76
675.89
677.65
679.58
681.74
683.63
685.21
686.26
687.32
687.74
687.66
686.99
685.86
684.36
682.8
681.59
680.57
678.75
673.6
668.67
664.82
662.07
660.4
658.06
654.72
651.18
647.63
645.73
647.33
649.55
650.65
651.21
666.59
674.44
677.05
677.47
678.47
680.91
684.55
704.68
714.02
724.52
717.3
724.35
737.78
750.42
761.65
773.04
783.66
777.7
782.74
785.25
789.88
788.45
787.79
790.63
794.45
794.69
793.75
792.95
793.55
795.52
795.56
794.94
794.38
794.52
794.73
794.14
793.09
793.24
793.2
792.21
791.21
788
781.56
772.95
764.12
756.79
749.19
737.6
723.36
708.77
696.68
687.36
679.54
670.97
661.6
653.27
646.32
642
641.54
643.81
642.21
640.98
640.52
642.11
644.86
647.56
650.18
652.68
653.17
652.16
654.84
657.51
660.25
663.03
665.92
668.95
672.15
675.58
679.31
683.36
687.66
692.07
696.48
700.97
705.78
711.11
717.09
723.63
730.51
737.58
744.88
752.47
760.26
768.16
775.88
783.14
789.76
795.82
801.53
818.42
836.84
855.48
873.71
891.42
907.84
923
937.73
952.2
967.29
970.13
969.67
969.16
967.49
967.27
969.77
976.62
987.1
999.47
1013.19
1029.89
1049.65
1069.5
1090.71
1110.66
1128.89
1143.87
1155.52
1165.63
1173.9
1179.92
1183.98
1187.72
1191.4
1195.4
1199.32
1203.19
1206.91
1209.97
1212.26
1214.31
1216.43
1217.97
1219.22
1220.08
1221.07
1222.03
1223.03
1224.12
1225.41
1226.41
1227.06
1227.26
1226.77
1225.24
1223.2
1220.36
1216.79
1212.8
1208.84
1204.63
1199
1193.54
1188.74
1184.76
1181.09
1178.03
1175.4
1173.16
1170.88
1168.96
1168.56
1168.15
1167.44
1166.49
1165.24
1163.67
1161.92
1159.95
1157.6
1155.03
1152.33
1149.54
1146.74
1143.89
1140.9
1137.89
1134.88
1131.83
1128.82
1125.78
1122.81
1119.89
1116.91
1115.04
1002.34
1000.47
888.31
880.4
869.79
857.24
843.25
828.41
812.98
796.06
890.49
874.61
969.67
961.06
955.66
952.68
951.44
951.4
952.3
953.85
955.15
956.11
956.61
956.75
956.55
956.03
955.25
954.22
952.99
951.57
949.98
948.21
946.27
944.18
941.98
939.69
937.35
934.94
932.48
929.98
927.45
924.91
922.41
919.92
917.45
914.98
912.51
910.05
907.6
905.15
902.72
900.34
897.95
895.55
893.13
890.69
888.24
885.78
883.3
880.8
878.25
875.63
873
870.43
867.97
865.62
863.37
861.22
859.16
857.2
855.36
853.74
852.2
850.6
848.88
847.05
845.09
843.01
840.84
838.58
836.22
833.78
831.3
828.74
826.12
823.47
820.83
818.22
815.6
813.02
810.46
807.83
805.17
802.62
800.18
797.82
795.53
793.66
793.35
795.43
799.94
806.62
815.4
825.94
837.92
851.01
865.13
881.7
899.57
916.44
930.74
942.03
950.44
956.59
960.87
963.6
964.93
963.09
958.64
952.56
946.3
940.58
935.42
930.54
926.07
922
918.34
915.26
912.22
909.65
907.61
906.06
904.91
904.15
903.58
903.21
902.67
901.66
900.98
902.66
906.49
912.21
919.62
928.49
939.04
952.45
971.76
981.92
995.54
1038.43
1075.32
1095.97
1128.78
1115.56
1147.82
1165.22
1170.86
1181.56
1185.27
1154.94
1158.71
1142.95
1111.97
1124.24
1088.25
1063.44
1045.11
1072.05
1062.86
1056.75
1021.52
1021.5
1024
1029.08
1036.08
1044.38
1052.61
1020.18
1026.93
1032.49
1036.99
1041.01
1044.7
1047.37
1049.54
1051.66
1053.7
1057.52
1062.7
1069.46
1077.35
1085
1092.18
1099.39
1106.44
1113.29
1119.89
1124.32
1127.34
1128.87
1128.78
1127.79
1126.05
1123.78
1121.12
1117.99
1114.71
1111.53
1108.4
1105.55
1103.04
1100.72
1098.65
1096.72
1094.89
1093.14
1091.49
1089.98
1088.36
1086.67
1084.73
1082.62
1080.44
1078.16
1075.77
1073.18
1070.56
1067.8
1065.44
1063.55
1062.23
1061.34
1060.85
1060.68
1060.77
1061.29
1062.05
1063.04
1063.71
1063.92
1063.72
1063.15
1062.17
1060.76
1058.99
1056.86
1054.29
1051.28
1048.03
1044.6
1040.97
1037.16
1033.21
1029.17
1025
1020.74
1016.39
1011.64
1006.61
1001.49
996.38
991.29
986.25
981.26
976.36
971.48
966.64
962.19
957.98
953.78
949.51
945.16
940.69
936.17
931.61
927.02
922.4
917.76
913.1
908.45
903.79
899.16
894.57
890.02
885.51
881.02
876.58
872.19
867.86
863.57
859.36
855.22
851.18
847.21
843.29
839.48
836.17
833.77
832.75
832.17
831.86
831.71
831.64
831.6
831.57
831.47
830.89
829.39
826.5
823.16
819.52
815.66
811.66
807.58
803.5
799.46
795.47
791.83
788.87
786.58
784.91
783.87
783.43
783.48
783.82
784.55
785.63
786.78
787.66
788.13
788.49
788.66
788.64
788.53
788.37
788.23
788.07
787.57
787.06
786.72
786.24
785.75
785.28
784.87
784.63
784.39
784.25
792.32
804.12
815.94
827.32
837.96
847.6
856.37
864.43
871.78
878.46
876.62
870.68
864.62
859.24
854.74
851.28
848.67
846.71
845.36
844.55
844.3
844.34
844.4
844.18
843.75
843.19
842.53
841.82
841.08
840.31
839.61
838.94
838.24
837.55
836.85
836.09
835.2
834.19
833.08
831.91
831.63
832.56
833.65
834.62
835.02
835.01
834.9
834.93
835.24
835.75
835.4
833.9
832.31
830.88
830.03
829.64
829.46
829.23
828.9
828.63
827.89
827.11
826.32
825.5
824.65
823.75
822.8
822.08
821.44
820.75
821.33
822.28
823.38
824.58
825.92
827.43
828.98
830.43
831.95
833.32
833.68
833.61
833.44
833.31
833.12
832.96
832.95
833
832.83
832.83
833.33
834.13
835.03
835.87
836.77
837.85
838.98
840.13
841.39
842.57
843.34
843.94
844.48
845.01
845.59
846
846.35
846.63
846.97
847.41
848.13
848.87
849.77
850.63
851.54
852.43
853.41
854.37
855.18
855.9
856.42
856.73
856.92
857.18
857.33
857.46
857.3
857.16
857.11
857.12
857.19
857.49
857.88
858.3
858.81
859.3
859.83
860.57
861.47
862.31
856.97
847.08
836.87
826.26
815.1
803.41
791.32
778.44
764.8
750.63
742.07
737.53
732.66
727.69
723.4
719.65
716.61
714.3
712.63
711.84
711.84
712.5
713.9
716.06
718.15
720.43
722.69
725.04
727.9
730.55
733.22
736.01
738.69
741.2
743.7
746.13
748.64
754.57
764.89
774.43
782.93
791.04
801.22
812.11
822.88
833.12
842.75
850.74
855.05
860.66
867.11
873.68
878.16
881.77
885.54
889.64
894
896.32
897.32
897.46
897.36
897.15
896.69
896.03
895.01
893.98
892.76
891.52
889.98
888.71
887.61
886.43
885.33
885.43
885.72
885.9
886.21
886.44
886.97
887.49
887.79
888.85
890.29
890.58
891.33
892
892.92
893.79
894.74
895.43
896.25
895.89
895.14
894.66
893.91
893.94
895.64
898.4
901.02
904.16
907.56
911.86
916.39
920.81
924.98
928.63
930.54
931.72
932.91
933.88
934.82
935.52
936.11
936.57
936.85
937.13
937.5
937.79
937.92
937.98
937.71
936.18
933.79
931.64
929.81
928.25
926.79
925.01
923.43
922.09
920.9
921.22
922.65
924.22
925.82
927.11
928.19
929.63
931.04
932.36
933.78
934.82
935.47
935.94
936.29
936.67
937.12
937.44
937.86
937.99
938.08
938.39
939.2
939.87
940.55
941.27
941.94
942.65
943.06
943.56
944.04
943.72
942.43
941.22
939.91
938.61
937.32
935.96
934.28
932.41
930.7
929.84
929.44
929.3
929.2
929.43
929.44
929.68
930.3
931.09
931.58
930.9
929.67
927.99
926.27
923.99
922.12
919.95
917.88
916.1
914.53
913.86
913.94
914.13
914.62
915.38
916.29
917.17
917.91
918.62
919.05
918.16
916.4
914.44
912.3
910.18
907.72
905.46
903.41
901.51
900.07
898.32
896.13
893.91
891.47
889.27
887.49
885.49
883.28
881.01
878.65
874.04
867.03
859.3
851.3
842.25
832.73
823.28
814.02
804.8
795.73
790.2
788.24
787.34
787.15
787.92
789.09
790.03
791.18
792.57
793.87
795.39
797.16
798.87
800.58
802.37
804.18
806.28
808
809.02
810.01
812.13
814.87
819.33
823.8
828.51
832.73
836.86
841.18
845.46
849.76
853.18
855.91
856.94
858.15
858.6
858.91
859.42
859.84
860.51
861.19
861.59
862.04
862.53
862.32
862.11
861.61
859.85
850.1
837.84
824.09
809.65
794.26
778.2
761.82
745.12
728.5
712.58
704.36
698.16
692.88
688.15
683.84
679.88
676.19
672.74
669.46
666.37
663.45
660.7
668.15
679.06
691.62
705.3
719.66
734.7
750.26
766.62
783.88
801.94
810.7
817.41
823.38
828.99
834.83
840.83
846.9
852.85
858.42
863.65
868.56
872.48
875.89
878.88
881.21
883.12
884.62
885.62
886.15
886.73
886.49
886.04
885.31
884.65
883.87
882.84
881.94
880.38
878.84
876.94
875.42
873.99
872.8
871.37
870.2
868.73
867.06
866.54
866.1
868.31
871.44
874.26
876.93
879.51
881.96
884.52
886.72
888.25
889.54
888.04
885.64
883.7
880.79
877.82
874.25
870.62
867.2
863.66
860.39
857.15
853.94
850.42
847.83
845.52
843.61
841.84
840.17
838.8
837.49
835.07
832.24
829.46
826.72
824.15
822
819.97
818.03
816.01
813.85
812.9
812.49
812.3
812.26
812
811.74
811.43
811.2
811.15
811.12
811.12
811.15
810.98
810.69
810.4
810.01
809.68
809.46
809.07
808.97
808.83
808.15
806.01
803.69
801.38
799.61
798.22
796.88
796.18
795.68
795.36
795.05
795.79
796.82
797.92
798.49
798.83
798.96
798.72
798.63
798.68
799.14
800.14
800.77
801.32
802.13
803.07
804.09
804.93
804.49
803.99
803.9
803.95
804.35
804.7
805.06
805.33
805.65
805.54
806.51
807.35
807.85
808.35
808.86
809.3
808.92
808.28
807.32
806.5
809.4
815.08
820.41
825.21
829.3
833.03
837
839.64
841.92
844.21
842.58
838.15
833.89
829.67
825.78
822.77
820.05
818.88
818.43
818.07
817.54
816.79
816.17
815.47
815
814.01
813.02
811.95
810.9
809.38
807.65
805.53
803.53
801.92
800.69
799.68
798.87
798.14
797.29
797.3
797.77
798.99
800.32
801.61
801.9
801.95
801.87
801.69
801.59
801.4
801.03
800.79
800.69
800.21
800.09
800
799.67
799.53
799.96
800.58
801.31
801.72
801.87
802.4
803.41
804.34
805.15
805.93
805.91
805.56
805.11
804.6
804
803.57
803.11
802.73
802.57
802.38
802.38
802.24
801.85
801.29
800.74
800.01
799.5
799.75
800.42
799.49
797.63
795.41
793.15
790.98
788.75
786.53
783.92
780.47
775.98
771.86
768.06
764.47
760.84
757.11
752.92
748.01
742.68
737.13
731.83
727.38
723.88
722.05
721.21
720.97
721.42
722.67
724.53
726.88
729.68
732.86
735.85
737.55
738.58
739.26
739.75
740.21
740.56
740.83
741.03
741.08
740.54
739.75
738.74
738.19
739.34
741.34
748.35
760.44
779.62
798.69
818.98
840.04
863.15
885.35
906.69
927.56
945.03
958.11
965.14
972.76
976.97
979.88
979.21
977.57
970.93
961.59
948.99
934.29
917.32
898.66
878.96
859
840.01
821.84
807.38
794.77
783.38
773.03
763.51
754.89
749.59
745.02
740.87
737.01
733.38
729.93
728.41
728.33
728.76
729.19
729.39
729.24
729.15
729.64
730.67
732.26
732.6
732.17
731.85
732.06
732.98
734.62
736.63
738.51
740.26
741.88
742.33
741.15
737.85
733.64
728.82
723.72
718.66
713.6
708.51
703.29
698.98
695.96
694.72
694.08
693.76
693.49
692.92
692.05
690.95
689.68
688.29
686.8
685.28
683.86
682.47
681.16
679.89
678.64
677.18
675.77
674.44
673.14
671.91
670.7
669.69
668.58
667.5
666.5
665.81
665.18
664.58
664.07
663.32
662.98
669.48
694.2
729.32
769.88
815.14
864.94
917.04
968.04
1021.94
1078.73
1130.64
1165.92
1191.32
1210.93
1225.03
1233.84
1239.87
1247.16
1252.44
1254.79
1256.89
1259.24
1261.49
1263.02
1264.29
1268.11
1273.13
1278.55
1282.81
1286.93
1287.33
1288.25
1287.87
1288.68
1290.23
1290.84
1290.73
1290.95
1278.54
1260.52
1241.83
1223.33
1205.95
1187.42
1167.8
1145.36
1122.39
1098.19
1089.91
1091.54
1098.28
1104.08
1109.98
1105.36
1095.59
1082.73
1066.28
1046.47
1020.64
987.32
948.75
906.37
861.46
826.14
795.53
768.28
743.58
722.1
703.38
702.75
727.51
763.56
805.45
851.96
900.28
946.91
990.9
1030.77
1068.36
1090.37
1088.34
1075.75
1058.23
1035.2
1010.29
988.25
970.09
956.43
945.35
934.57
925.08
917.2
910.52
906.7
904.81
903.52
927.57
971.26
1017.08
1060.5
1101.43
1141.03
1181.64
1223.53
1265.71
1308.03
1332.35
1320.81
1301.04
1279.27
1256.21
1231.89
1205.62
1177.12
1147.48
1116.98
1078.96
1056.93
1040.99
1029.49
1021.77
1015.67
1009.8
1004.36
999.37
994.73
990.34
986.05
981.75
977.35
972.85
969.29
966.54
964.34
961.52
956.35
949.96
943.06
935.84
928.22
920.23
911.77
902.83
893.32
884.35
877.6
871.98
866.84
862
857.49
853.27
849.24
845.36
841.72
838.29
835.05
832.12
829.41
826.87
824.49
822.12
819.86
817.8
815.92
814.21
812.62
810.99
809.32
807.65
806.02
804.54
803.2
801.97
800.82
799.72
798.69
797.7
796.74
795.77
794.82
793.91
793.07
792.28
791.57
790.95
790.43
790.01
789.66
789.4
789.18
788.98
788.66
788.3
787.9
787.51
787.1
786.66
786.22
785.77
785.31
784.87
784.53
784.23
783.92
783.56
783.17
782.82
782.52
782.3
782.13
782
781.93
781.93
782.06
786.61
792.17
798.28
804.71
811.39
818.32
825.53
832.9
840.37
847.91
851.15
853.52
855.43
857.13
858.61
859.94
861.08
862.18
863.2
864.19
865.24
866.32
867.39
868.44
869.53
870.57
871.67
872.75
873.88
874.94
871.81
867.57
862.75
857.51
851.91
846.08
839.94
833.57
827.03
820.37
817.67
815.86
814.43
813.24
812.26
811.5
810.89
810.46
810.07
809.76
809.56
809.47
809.48
809.53
809.59
809.58
809.5
809.27
809.08
808.89
808.72
808.53
808.42
808.38
808.41
808.51
808.71
808.94
809.13
809.33
809.51
809.75
809.93
810.01
810.07
809.6
808.85
807.92
806.88
805.66
804.2
802.44
800.48
798.43
796.19
794.3
792.58
790.98
789.43
787.94
786.59
785.4
784.35
783.46
782.64
781.84
781.02
780.23
779.48
778.82
778.26
777.75
777.27
776.81
776.42
776.12
775.86
775.63
775.36
774.99
774.5
773.99
773.45
772.84
772.24
771.61
771.02
770.43
769.93
769.54
769.16
768.74
768.25
767.7
767.12
766.54
765.94
765.33
764.7
764.02
763.4
762.86
762.54
762.31
762.04
761.73
761.47
761.19
761
760.74
758.99
756.32
752.87
748.88
744.54
739.86
734.81
729.47
723.74
717.85
713.16
709.11
705.45
702.09
698.92
696.04
693.44
691.19
689.16
687.36
685.76
684.43
683.48
682.81
682.43
682.22
682.08
681.96
681.92
681.85
682.29
682.92
683.6
684.38
685.05
685.53
685.89
686.14
686.33
686.59
686.37
685.69
686.45
687.94
690.05
692.49
694.78
697.22
700.13
703.7
707.79
712.42
715.62
718
719.64
721.08
722.77
724.65
726.5
727.89
729.01
730.02
730.87
731.5
732.29
733.11
734.13
735.24
736.16
737.05
737.94
738.63
739.09
739.65
740.23
740.95
741.8
742.51
743.21
743.9
744.39
744.73
745.2
745.71
746.31
747.07
747.74
748.37
748.95
749.36
749.64
750.03
750.5
751.21
752.05
752.74
753.33
753.8
754.06
754.29
754.65
755.11
755.71
756.14
758.12
760.61
763.2
766.71
774.28
791.22
813.34
838.68
861.48
877.6
888.71
896.42
901.45
903.3
899.14
884.19
863.88
839.82
817.85
802.51
790.25
780.63
773.61
768.96
766.49
765.63
765.14
765.28
765.86
766.57
767.54
768.7
769.85
770.98
772.08
777.52
786.41
798.17
810.83
822.14
833.42
846.26
857.73
867.06
874.95
877.41
875.68
870.27
863.34
857.01
850.12
841.08
832.83
826.17
820.51
815.55
810.93
806.77
802.9
799.56
796.57
794.05
792.08
790.63
789.59
788.88
788.52
788.47
788.72
789.16
789.84
790.6
791.38
792.18
792.98
793.8
794.57
795.36
796.14
796.91
797.64
798.41
799.15
799.85
800.56
801.25
801.96
802.67
803.39
804.1
804.84
805.56
806.26
806.99
807.67
808.36
809.06
809.74
810.39
811.03
811.67
812.31
812.95
813.59
814.27
814.93
815.57
816.22
816.86
817.51
818.13
818.73
819.31
819.84
820.35
820.86
821.36
821.84
822.32
822.77
823.22
823.67
824.12
824.54
824.96
825.35
825.73
826.09
826.44
826.8
827.14
827.44
827.75
828.09
828.4
828.7
829
829.27
829.54
829.79
830.06
828.27
825.55
822.94
820.37
817.82
815.3
812.71
810.11
807.52
804.9
804.33
804.68
804.91
805.07
805.22
805.32
805.49
805.64
805.77
805.9
805.93
805.8
805.6
805.41
805.19
804.95
804.71
804.47
804.2
803.93
803.88
804.08
804.38
804.71
805.09
805.54
806.06
806.59
807.17
807.72
807.92
810.37
814.33
819.09
823.86
827.76
831
833.63
835.75
837.51
839.14
838.13
835.28
831.39
827.25
823.67
820.5
817.76
815.34
813.29
811.55
809.96
808.55
807.42
806.54
805.98
805.64
805.55
805.68
805.86
806.15
806.6
807.19
807.78
808.37
808.94
809.53
810.07
810.62
811.16
811.7
812.24
812.78
813.31
813.84
814.35
814.86
815.38
815.88
816.41
816.95
817.5
818
818.49
818.94
819.38
819.81
820.23
820.61
820.98
821.31
821.6
821.93
822.27
822.66
823.05
823.44
823.83
824.23
824.61
824.99
825.38
825.76
826.11
826.41
826.73
827.03
827.34
827.66
827.95
828.24
828.54
828.83
829.11
829.39
829.65
829.91
830.15
830.4
830.65
830.91
831.14
831.37
831.59
831.82
832.05
832.29
832.52
832.72
832.94
833.14
833.36
833.58
833.8
833.99
834.19
834.4
834.61
834.81
835.02
835.23
835.41
835.6
835.81
836.01
836.21
836.36
836.52
836.7
836.85
836.99
837.16
837.31
837.45
837.6
837.73
837.87
838.01
838.13
838.25
838.38
838.49
838.61
838.71
838.82
838.96
839.1
839.22
839.34
839.45
839.56
839.68
839.77
839.88
840
840.08
840.17
840.28
840.39
840.51
840.63
840.73
840.85
840.96
841.18
841.34
841.46
841.51
841.52
841.52
841.5
841.45
841.37
841.28
841.09
840.95
840.81
840.75
840.73
840.73
840.76
840.84
840.94
841.06
841.15
841.25
841.39
841.52
841.67
841.81
841.91
842
842.1
842.2
842.3
842.4
842.51
842.58
842.68
842.76
842.89
842.98
843.08
843.16
843.27
843.39
843.47
843.57
843.64
843.72
843.76
843.84
843.91
843.96
843.98
843.98
844.01
844.04
844.05
844.08
844.07
844.03
843.99
843.99
844.01
844.36
845.91
848.22
850.76
854.18
858.55
863.53
869.18
875.49
882.24
889
895.06
900.8
906.27
910.72
914.45
918.49
922.56
926.35
930.11
933.92
937.59
944.96
954.16
964.5
973.41
975.22
976.4
976.95
977.12
976.9
976.22
971.24
963.06
953.43
944.72
941.8
938.61
935.34
931.65
927.66
923.45
919.06
915.88
912.93
910.68
909.23
908.28
907.83
908.28
908.79
909.76
910.91
912.08
913.17
915.68
918.78
922.69
927.2
931.75
937.24
943.34
949.96
957.76
966.34
973.54
980
985.89
991.66
997.22
1002.39
1005.94
1008.7
1009.48
1008.18
1005.28
1001.74
996.51
989.25
980.1
969.94
959.96
949.95
940.76
933.01
926.35
920.01
914.82
910.95
908.59
906.89
905.8
905.18
904.81
904.57
904.39
904.25
904.11
904.06
904.01
903.88
903.73
903.55
903.14
902.87
902.64
902.62
902.68
902.67
902.84
903.2
903.76
904.47
905.4
906.26
907.15
907.88
908.62
909.46
910.18
910.87
911.48
911.95
912.35
912.72
913.09
913.49
913.81
914.07
914.32
914.6
914.86
915.15
915.43
915.71
915.97
916.13
916.31
916.36
916.48
916.56
916.72
916.91
917.18
917.53
917.87
918.29
918.69
919.27
919.57
919.97
919.97
919.92
919.92
919.9
919.91
919.93
919.95
919.92
920.09
920.17
920.62
921.12
921.59
921.99
922.42
922.88
923.37
923.92
924.45
924.98
925.45
925.99
926.43
926.9
927.35
927.77
928.18
928.55
928.99
929.44
929.92
930.27
930.65
931.06
931.48
931.86
932.26
932.67
933.1
933.52
933.99
934.71
935.52
935.72
935.68
935.7
935.94
936.33
936.9
937.6
938.32
938.88
939.46
940.78
942.28
943.87
945.4
958.58
959.76
960.91
962.06
963.18
964.23
965.17
966.13
966.99
967.38
955.22
971.45
984.3
983.34
1017.77
1016.67
1015.55
1014.45
1013.35
1012.55
1012.51
995.78
982.31
982.56
990.47
990.69
991.1
1017.3
1017.52
1051.61
1090.58
1111.35
1111.78
1112.29
1069.76
1070.43
1070.88
1066.27
1066.95
1033.8
1022.99
1014.26
1014.96
1015.66
1016.33
1043.38
1044.03
1023.96
1024.56
1025.1
998.38
987.86
988.29
988.67
989.05
963.06
963.47
963.89
964.32
964.73
965.13
965.54
965.98
966.07
966.2
966.15
966.2
966.22
965.51
964.25
962.51
960.29
957.64
955
952.01
948.89
945.36
941.55
938.2
935.17
932.41
929.88
927.55
925.35
923.31
921.4
919.66
918.06
916.62
915.31
914.11
933.64
932.63
931.7
930.85
930.05
943.73
990.25
1016.55
1015.94
1015.37
994.26
993.82
993.41
993.01
1034.68
1019.9
972.37
945.11
944.85
944.62
944.37
944.16
944.02
943.94
915.07
915.07
915.11
926.04
926.11
926.13
926.16
926.14
926.09
926
912.68
912.52
912.31
901.28
901.09
900.96
900.83
931.65
931.55
931.48
931.44
931.45
931.53
931.57
931.63
931.7
931.8
950.14
950.29
950.45
950.62
950.79
950.93
951.08
951.24
951.46
951.66
902.72
902.93
903.12
903.31
903.48
903.67
903.86
904.08
904.26
904.44
904.63
904.76
904.93
905.08
905.22
905.35
905.48
905.64
908.21
908.37
908.5
908.71
908.91
909.16
909.48
909.82
910.22
910.64
908.67
923.72
936.99
977.62
978.21
978.75
979.27
979.82
980.34
980.81
981.29
996.13
983.84
944.18
944.55
944.95
945.33
945.68
946.01
946.33
946.64
918
918.24
918.48
918.72
918.98
919.29
919.58
919.88
920.19
920.52
920.87
956.86
983.4
1011.51
1011.91
1012.28
1012.65
1013.01
1035.95
1047.51
1047.83
1012.58
986.75
959.33
959.61
959.89
960.16
960.46
938.15
927.18
927.43
927.66
927.87
928.13
928.35
928.55
928.73
928.91
929.09
929.66
929.98
950.21
950.11
949.77
949.31
948.77
948.19
947.48
945.25
941.83
937.95
913.07
907.48
904.76
898.32
895.67
892.41
887.34
884.23
882.22
881.18
881.55
883.29
882.45
885.62
885.63
886.76
890.18
893.45
896.7
899.95
903.13
906.24
909.49
912.86
915.93
918.8
921.47
924.04
926.51
928.92
931.29
933.7
949.63
951.99
968.98
995.86
1025.54
1047.08
1056.11
1063.4
1066.98
1063.73
1045.42
1040.47
1025.2
1001.62
975.5
956.9
952.19
950.07
952.43
961.3
971.3
981.1
986.14
989.01
991.06
993.13
1006.94
1047.27
1044.25
1050.2
1046.75
1042.7
1038.34
1034.09
1033.06
1036.36
1029.52
998.68
1013.8
1023.94
1047.01
1072.71
1100.99
1128.16
1146.16
1159.16
1168.75
1174.39
1176.31
1174.53
1169.6
1162.47
1153.32
1145.93
1144.89
1144.82
1145.37
1146
1147.52
1148.58
1150.11
1150.68
1151.52
1152.18
1152.44
1152.93
1153.3
1154.33
1154.75
1155.19
1154.64
1155.31
1155.2
1154.76
1154.45
1154.42
1154.13
1152.85
1151.56
1150.23
1149.41
1149.01
1149.36
1149.67
1149.64
1149.04
1145.36
1140.77
1134.24
1126.19
1116.31
1104.56
1091.14
1076.63
1061.6
1045.69
1031.93
1018.82
1006.79
995.91
986.15
977.39
969.58
962.6
956.4
950.93
946.11
941.99
938.41
935.21
932.18
929.29
926.49
923.87
921.37
918.97
916.64
914.23
911.79
909.34
907.11
905.02
902.96
901.05
899.26
897.48
895.81
894.31
892.9
891.62
890.43
889.39
888.58
887.83
887.07
886.44
887.32
889.26
892.23
896.11
900.78
906.15
912.15
918.73
925.82
933.41
940.04
946
951.44
956.27
960.68
964.72
968.47
971.81
974.94
977.95
980.64
983.23
985.59
987.85
989.92
991.86
993.71
995.61
997.55
999.25
1000.92
1002.51
1004.12
1005.78
1007.44
1008.98
1010.18
1011.14
1011.9
1012.57
1013.18
1013.64
1013.98
1014.17
1014.35
1014.49
1014.91
1015.46
1015.86
1016.38
1016.9
1017.43
1018
1018.61
1019.09
1019.5
1019.64
1019.79
1020.17
1020.53
1020.8
1021.16
1021.43
1021.81
1022.13
1022.66
1023.3
1023.88
1024.4
1024.85
1025.28
1025.58
1025.83
1025.84
1025.95
1026.1
1026.56
1027.11
1027.68
1028.42
1029.19
1030.03
1030.92
1031.83
1032.66
1033.11
1033.02
1032.83
1032.59
1032.26
1031.97
1031.69
1031.46
1031.05
1030.51
1030.49
1031.13
1031.77
1032.55
1033.27
1033.96
1034.54
1034.77
1034.88
1034.92
1034.49
1033.51
1032.33
1030.84
1029.26
1027.59
1025.95
1024.52
1023.36
1022.35
1021.47
1020.57
1019.4
1018.1
1016.76
1015.41
1013.87
1012.33
1010.63
1008.99
1007.34
1005.85
1004.84
1004.12
1003.44
1003
1002.88
1002.77
1002.94
1002.95
1003.05
1003.11
1003.06
1002.94
1002.8
1002.51
1002.03
1001.55
1001.02
1000.62
1000.13
999.66
999.19
998.75
998.26
997.81
997.38
997.39
997.47
997.53
997.67
997.87
998.09
998.08
998.01
998.06
998.05
997.59
996.98
996.54
995.98
995.32
994.77
994.4
994.15
993.75
993.64
993.86
994.26
994.5
994.7
994.58
994.04
993.37
992.56
991.87
990.91
989.55
987.9
986.21
984.73
983.66
982.87
982.25
981.89
981.33
980.87
980.51
980.3
980.22
979.99
979.78
979.61
979.42
979.27
979.24
979.21
979.25
979.45
979.68
980.02
980.2
980.34
980.45
980.48
980.39
980.27
980.05
979.68
979.22
978.46
977.85
977.3
976.79
976.04
975.42
974.87
974.25
973.5
972.95
972.53
971.96
971.28
970.72
970.21
969.7
969.25
968.75
968.54
967.97
967.43
967.13
967.12
966.81
966.67
966.52
966.36
966.26
965.98
965.88
965.76
965.64
965.28
964.99
964.81
964.71
964.55
964.59
964.65
964.59
964.57
964.57
964.49
964.57
964.51
964.35
964.24
964.05
963.92
963.82
964.03
963.92
963.96
963.99
964.02
964.03
964.4
964.74
965.04
965.42
965.55
965.92
966.23
966.54
966.91
967.27
968.1
970.34
973.8
978.3
983.7
989.35
997.54
1007.73
1019.52
1032.76
1045.41
1056.8
1067.65
1078.59
1087.1
1094.46
1098.69
1100.39
1099.96
1097.76
1094.71
1091.16
1086.6
1080.54
1075.72
1071.25
1066.99
1062.9
1058.66
1054.34
1050.21
1046.17
1042.59
1038.57
1034.59
1030.87
1027.37
1024.01
1021.26
1018.67
1016.25
1013.91
1011.3
1009.32
1007.57
1005.61
1003.59
1001.41
999.06
996.95
994.73
992.47
990.31
988.32
986.11
984.18
982.55
981.2
979.97
978.63
977.47
976.47
975.48
974.4
973.56
973.04
973.18
974.04
975.49
977.4
979.73
982.4
985.51
989.13
993.03
996.79
999.07
1000.28
1000.63
1000.37
999.69
998.46
996.71
994.55
992.11
989.68
987.97
986.64
985.51
984.58
983.7
983.05
982.41
981.7
980.84
979.89
978.9
977.8
976.64
975.41
974.13
972.91
971.64
970.19
968.77
967.55
966.55
965.69
964.18
961.41
957.74
953.01
947.69
941.94
935.7
928.83
921.4
913.55
906.14
899.74
893.99
888.97
884.38
880.17
876.27
872.49
868.79
865.18
861.68
858.28
854.98
851.71
848.52
845.38
842.3
840.15
839.37
840.59
843.27
847.1
851.81
857.35
863.59
870.49
878.04
883.59
886.69
887.23
885.99
883.54
880.06
875.63
870.42
864.46
858.42
853.65
849.82
846.56
843.45
840.31
837.24
834.3
831.42
828.62
825.23
821.82
818.84
816.1
813.74
811.64
809.77
808.06
806.52
805.13
804.54
804.45
805.03
806.07
807.49
809.29
811.49
813.96
816.59
819.4
821.59
822.44
822.29
821.65
820.62
819.21
817.41
815.45
814.29
813.65
813.39
814.12
815.27
816.6
818.06
819.6
821.2
822.73
823.38
823.42
823.17
822.98
822.63
822.18
821.71
821.33
821.01
820.81
820.65
820.57
820.61
820.81
821.13
821.67
822.4
823.2
824.09
825.08
826.15
827.19
828.16
828.92
830.21
831.61
833.06
834.54
836.07
837.63
839.19
840.83
842.48
842.65
841.15
839
836.3
833.15
829.57
825.57
821.24
816.57
811.6
807.97
805.42
803.13
801.02
799.06
797.25
795.54
793.88
792.3
790.83
789.31
787.71
786.07
784.45
782.89
781.35
779.87
778.46
777.16
776.5
778.24
781.26
784.92
788.93
793.16
797.48
801.8
806.05
810.13
813.7
816.78
819.81
822.92
826.14
829.48
833.07
836.92
841.02
845.25
849.37
851.73
853.23
854.44
855.51
856.68
857.92
859.15
860.34
861.61
862.99
864.73
866.8
869.16
871.82
874.59
877.46
880.55
884.01
887.77
891.82
895.89
899.72
901.77
902.35
901.92
900.75
898.92
896.54
893.66
890.8
888
884.83
882.75
881.54
880.77
880.23
879.88
879.56
879.35
878.6
877.25
875.59
873.87
872.14
870.37
868.64
866.84
864.99
863.16
862.41
863.73
865.86
872.24
893.36
910.77
926.79
945.04
965.17
985.61
1004.76
1022.89
1039.62
1051.72
1048.9
1049.79
1052.07
1053.5
1054.25
1055.7
1058.47
1061.2
1064.37
1068.77
1074
1080.16
1087.93
1095.02
1104.17
1115.05
1127.18
1145.2
1166.37
1188.3
1208.75
1228.29
1246.46
1264.85
1276.53
1278.63
1275.47
1263.79
1247.97
1229.28
1210.48
1190.97
1170.66
1149.18
1130.86
1118.97
1109.74
1102.01
1095.32
1089
1082.19
1075.2
1068.17
1060.78
1053.29
1045.61
1037.82
1029.91
1022.1
1014.96
1009.67
1005.46
1002.06
999.54
997.53
996.38
995.99
996.25
997.01
998.27
999.3
1000.31
1001.27
1002.04
1004.21
1007.06
1010.13
1013.35
1016.56
1019.81
1023
1026.17
1029.42
1033.15
1034.61
1034.69
1034.26
1033.51
1032.7
1031.97
1031.83
1031.8
1031.52
1032.66
1035.17
1038.38
1041.83
1045.29
1048.63
1051.77
1054.7
1057.86
1061.16
1062.93
1064.53
1066.07
1067.54
1068.99
1070.37
1072.68
1075.89
1079.62
1083.85
1088.53
1093.41
1098.67
1104.53
1111.32
1119.09
1126.33
1132.55
1139.15
1144.99
1150.1
1154.71
1159.07
1162.7
1165.25
1166.37
1166.66
1165.98
1160.57
1153.15
1144.67
1135.41
1126.56
1123.62
1123.13
1124.96
1128.15
1132.45
1140.67
1151.69
1163.67
1176.65
1189.01
1196.49
1203.29
1210.89
1220.61
1234.69
1254.07
1246.77
1239.34
1232.06
1225.11
1217.2
1207.3
1194.52
1178.02
1155.7
1128.28
1125.86
1122.86
1118.51
1113.03
1106.89
1100.45
1093.69
1086.83
1080.24
1077.05
1081.03
1087.93
1097.08
1108.01
1120.76
1134.32
1145.44
1157.75
1170.14
1179.61
1176.33
1169.26
1164.86
1158.66
1153.52
1146.79
1140.79
1134.77
1128.84
1122.42
1124.94
1131.13
1134.42
1138.6
1141.55
1145.9
1152.22
1157.32
1162.91
1168.39
1172.91
1173.9
1174.07
1171.94
1169.27
1166.2
1163.96
1162.83
1161.3
1158.55
1155.04
1146.31
1140.94
1138.63
1137.35
1138.44
1139.13
1136.66
1135.62
1135.19
1134.86
1141.06
1142.77
1144.6
1144.83
1143.31
1142.21
1144.82
1146.38
1147.53
1146.32
1143.86
1142.23
1138.39
1134.42
1129.26
1122.86
1114.64
1106.32
1098.46
1092.42
1086.34
1079.46
1073.18
1066.79
1061.36
1056.75
1053.05
1049.56
1045.94
1042.01
1039.52
1037.88
1036.97
1036.5
1036.1
1035.69
1035.35
1035.11
1035.13
1036.3
1036.73
1069.51
1099.36
1122.46
1133.73
1138.54
1142.08
1144.67
1147.85
1150.21
1153.61
1124.44
1096.15
1092.34
1108.61
1135.76
1155.48
1153.15
1179.88
1208.45
1232.28
1245.34
1256.58
1249.33
1236.93
1216.53
1212.62
1225.05
1196.4
1163.52
1135.1
1117.66
1103.91
1090.79
1074.52
1061.77
1041.17
1027.09
1024.3
1023.72
1023.14
1022.59
1022.05
1021.51
1020.95
1020.41
1019.86
1019.34
1018.83
1018.33
1017.85
1017.35
1016.88
1016.41
1016
1015.59
1015.15
1014.68
1014.2
1013.71
1013.23
1012.77
1012.31
1011.81
1011.19
1010.5
1009.82
1009.12
1008.4
1007.68
1006.94
1006.18
1005.4
1004.83
1004.43
1004.11
1003.83
1003.59
1004.04
1005.31
1007.18
1009.65
1013.44
1018.01
1023.18
1028.6
1034.36
1040.4
1045.96
1051.07
1056.31
1061.1
1064.7
1067.17
1068.62
1069.49
1069.93
1069.79
1068.5
1063.77
1058.03
1052.1
1044.13
1036.34
1028.9
1021.77
1014.73
1008.01
1002.26
999.6
997.27
994.99
994.63
994.27
994.57
995.52
996.7
998.05
999.52
1001.6
1003.81
1006.25
1008.88
1011.74
1014.17
1016.09
1018.28
1020.25
1022.3
1023.91
1025.47
1026.87
1028.15
1029.3
1030.25
1031.21
1031.99
1032.88
1033.69
1034.52
1035.29
1036.13
1036.99
1039.66
1042.66
1045.61
1048.26
1050.88
1053.34
1055.58
1057.92
1060.3
1062.63
1063.12
1063.27
1063.37
1063.16
1061.51
1060.04
1058.74
1057.42
1056.34
1055.46
1054.68
1053.96
1053.28
1053.15
1054.75
1056.5
1058.47
1060.48
1062.22
1063.85
1065.43
1067.33
1069.31
1071.16
1072.9
1066.71
1062.28
1057.29
1047.37
1039.26
1033
1028.96
1028.97
1024.24
1018.79
1022.52
1023.64
1025.69
1032.48
1037.26
1040.11
1040.29
1036.25
1036.65
1037.09
1036.06
1035.46
1034.36
1033.36
1032.53
1031.77
1031.11
1030.55
1033.36
1039.89
1047.21
1055.3
1064.23
1073.75
1084.2
1095.23
1107
1119.71
1129.95
1136.72
1141.7
1145.58
1148.22
1149.74
1149.94
1149.12
1147.07
1143.65
1139.39
1132.98
1135.38
1140.88
1146.98
1154.42
1157.03
1160.96
1165.85
1171.51
1177.65
1185.67
1186.15
1185.09
1185.21
1185.25
1190.8
1195.14
1199.43
1193.36
1182.2
1168.86
1153.18
1134.7
1113.39
1090.16
1066.7
1045.7
1023.69
1010.76
1003.09
997.24
993.21
990.9
989.87
989.82
989.4
987.88
988.1
990.39
993.65
999.18
1006.58
1016.87
1028.84
1042.02
1056.26
1070.02
1083.35
1096.11
1108.24
1119.25
1127.29
1130.56
1132.03
1129.62
1128.4
1126.8
1124.59
1121.75
1118.09
1114.32
1112.82
1113.39
1114.3
1118.21
1120.18
1122.08
1123.92
1125.8
1127.74
1129.41
1129.82
1129.82
1129.57
1128.92
1127.98
1126.63
1124.95
1122.99
1120.7
1118.34
1116.66
1117.11
1118.17
1119.56
1121.23
1123.18
1125.4
1127.73
1130.36
1133.15
1135.62
1136.08
1136.25
1136.4
1136.52
1136.55
1136.54
1136.54
1136.39
1136.32
1136.69
1137.32
1138.02
1138.75
1139.46
1140.5
1141.53
1142.6
1143.84
1144.91
1145.03
1144.64
1143.97
1143.15
1142.22
1140.91
1139.65
1138.42
1137.04
1135.81
1135.31
1135.18
1135.15
1135.26
1135.52
1135.93
1136.36
1136.94
1137.6
1138.27
1138.68
1139.04
1139.33
1139.5
1139.64
1140.18
1141.15
1142.26
1143.69
1145.36
1146.77
1148.09
1149.5
1150.9
1152.37
1153.55
1154.34
1155
1155.33
1155.18
1149.2
1140.78
1131.06
1120.68
1109.59
1098.05
1086.33
1074.35
1062.47
1050.94
1045.51
1042.68
1040.98
1036.62
1032.3
1028.17
1024.1
1020.34
1017.57
1016.23
1015.61
1015.62
1014.34
1011.33
1009.25
1007.56
1006.14
1004.79
1002.53
998.83
994.56
989.7
986.39
988.32
990.02
991.55
992.96
994.24
995.42
996.53
997.55
998.51
999.41
1000.25
1001.04
1001.77
1002.46
1003.12
1003.76
1004.37
1004.97
1005.55
1006.11
1006.65
1007.17
1007.68
1008.15
1009.94
1012.7
1016.02
1019.64
1023.46
1027.61
1031.85
1036.28
1040.98
1045.88
1047.68
1048.24
1048.49
1048.35
1044.02
1039.25
1034.57
1029.76
1024.61
1019.25
1015.16
1011.71
1008.26
1005.09
1006.06
1007.28
1008.45
1009.69
1011.1
1012.63
1014.75
1016.56
1018.2
1019.71
1021.12
1022.45
1023.71
1024.87
1025.96
1026.99
1028.9
1031.54
1034.53
1037.81
1041.38
1044.83
1048.34
1052.02
1055.82
1059.52
1060.71
1060.71
1060.04
1058.98
1057.53
1056.23
1054.84
1053.19
1051.46
1049.42
1044.06
1038.86
1033.97
1029.12
1024.31
1019.38
1014.34
1009.3
1004.09
999.13
998.86
998.67
998.27
997.71
997.01
996.24
995.41
994.49
993.53
992.54
991.63
990.73
989.81
988.93
988.04
987.11
986.21
985.31
984.42
983.55
983.89
985.47
987.96
991.13
995.01
999.5
1005.16
1012.19
1018.59
1025.19
1030.48
1034.31
1037.49
1040.69
1043.74
1046.65
1048.85
1051.12
1055.1
1059.79
1064.97
1068.28
1070.32
1070.92
1070.46
1069.06
1066.78
1062.7
1057.25
1050.61
1043.33
1037.95
1033.48
1029.59
1026.08
1022.88
1019.93
1017.22
1015.19
1013.68
1012.68
1012.14
1012.01
1012.29
1012.91
1013.91
1015.34
1017.01
1018.52
1020.51
1025.74
1030.34
1034.66
1039.21
1043.86
1048.82
1054.03
1059.34
1065.15
1070.14
1068.34
1066.7
1064.93
1062.57
1059.86
1056.75
1054.27
1053.07
1051.38
1049.38
1047.25
1047.51
1049.09
1050.31
1051.4
1052.3
1052
1050.22
1048.33
1046.87
1048.78
1048.74
1047.55
1046.84
1046.35
1045.97
1045.68
1045.43
1045.1
1044.8
1044.55
1044.98
1046.06
1047.6
1049.55
1051.85
1054.47
1057.36
1060.52
1063.9
1067.55
1070.58
1073.19
1075.55
1077.69
1079.65
1081.44
1083.12
1084.66
1086.12
1087.53
1088.83
1090.69
1093.35
1096.63
1100.25
1104.35
1109.01
1114.1
1119.59
1125.4
1131.61
1137.52
1142.94
1148.05
1153.05
1157.78
1162.13
1166.2
1169.97
1172.79
1173.48
1172.65
1170.51
1167.19
1162.95
1157.83
1151.97
1145.46
1138.38
1131.41
1125.77
1120.89
1116.55
1112.66
1109.06
1105.74
1102.61
1099.64
1096.77
1093.98
1091.24
1088.55
1085.91
1083.28
1080.68
1078.11
1075.56
1073.05
1070.6
1068.24
1065.92
1063.71
1061.58
1059.59
1057.75
1056.04
1054.48
1053
1051.61
1050.29
1049.07
1047.89
1046.77
1045.67
1044.57
1043.49
1042.41
1041.36
1040.31
1039.52
1039.22
1039.33
1039.71
1040.28
1040.95
1041.73
1042.61
1043.58
1044.64
1045.54
1046.02
1046.16
1046.09
1045.88
1045.6
1045.11
1044.43
1043.6
1042.66
1041.5
1040.14
1038.6
1036.9
1035.09
1033.17
1031.3
1029.45
1027.6
1025.74
1024.01
1022.43
1020.97
1019.58
1018.23
1016.9
1015.57
1014.26
1012.95
1011.65
1010.35
1009.35
1008.54
1007.86
1007.26
1006.84
1006.52
1006.16
1005.69
1005.01
1004.13
1002.73
1000.96
998.93
996.69
994.65
992.99
991.78
991.03
990.74
990.84
991.37
992.24
993.53
995.39
997.35
999.27
1001.17
1003.1
1005.13
1007.26
1009.45
1011.71
1013.95
1015.99
1017.82
1019.46
1020.94
1022.29
1023.5
1024.6
1025.59
1026.55
1027.44
1028.29
1029.11
1029.9
1030.67
1031.42
1032.18
1032.91
1033.65
1034.35
1035.06
1035.76
1036.45
1037.13
1037.79
1038.44
1039.07
1039.68
1040.13
1040.27
1040.37
1040.36
1040.2
1039.88
1039.41
1038.76
1037.91
1036.93
1036.02
1035.36
1034.72
1034.16
1033.68
1033.29
1032.98
1032.78
1032.69
1032.63
1032.42
1032.05
1031.49
1030.75
1029.87
1028.89
1027.83
1026.69
1025.49
1024.22
1022.92
1021.84
1021.1
1020.75
1020.83
1021.29
1022.13
1023.27
1024.71
1026.5
1028.69
1031.05
1033.42
1035.7
1037.85
1039.9
1041.81
1043.68
1045.43
1047
1048.41
1049.49
1050.16
1050.56
1050.72
1050.63
1050.36
1049.92
1049.41
1048.89
1048.34
1047.94
1047.75
1047.7
1047.74
1047.88
1048.1
1048.34
1048.6
1048.86
1049.09
1049.23
1049.26
1049.16
1048.98
1048.74
1048.42
1048.03
1047.58
1047.06
1046.73
1046.97
1047.84
1049.28
1051.23
1053.62
1056.44
1059.66
1063.27
1067.31
1071.53
1075.52
1079.25
1082.77
1086.07
1089.2
1092.17
1095.01
1097.67
1100.12
1101.66
1102.16
1101.92
1101.02
1099.51
1097.38
1094.69
1091.46
1087.77
1083.64
1079.83
1076.54
1073.47
1070.57
1067.83
1065.26
1062.86
1060.68
1058.74
1057.05
1055.6
1054.36
1053.34
1052.51
1051.86
1051.37
1050.98
1050.58
1050.07
1049.31
1048.3
1047.17
1046.17
1045.36
1044.71
1044.18
1043.72
1043.37
1043.18
1043.08
1043.06
1043.03
1042.76
1042.24
1041.52
1040.63
1039.63
1038.51
1037.28
1036.11
1035.05
1034.34
1034.06
1034.16
1034.64
1035.48
1036.68
1038.23
1040.08
1042.26
1044.68
1047.19
1049.73
1052.35
1055
1057.68
1060.37
1063.09
1065.86
1068.67
1071.54
1074.34
1077.04
1079.57
1081.95
1084.25
1086.49
1088.7
1090.87
1093.03
1095.19
1097.35
1099.49
1101.38
1102.93
1104.1
1104.97
1105.63
1106.06
1106.19
1106
1105.56
1104.87
1104.16
1103.57
1103.01
1102.38
1101.65
1100.87
1100.12
1099.56
1099.11
1098.81
1098.68
1098.66
1098.9
1099.37
1099.87
1100.41
1100.91
1101.18
1101.17
1100.97
1100.54
1099.88
1099.01
1097.97
1096.95
1095.94
1095.34
1095.17
1095.4
1095.9
1096.7
1097.8
1099.12
1100.65
1102.34
1104.19
1105.8
1107.19
1108.47
1109.66
1110.78
1111.84
1112.83
1113.73
1114.52
1115.16
1115.33
1115.05
1114.39
1113.42
1112.18
1110.71
1109.08
1107.33
1105.49
1103.55
1101.89
1100.56
1099.58
1098.87
1098.38
1098.08
1097.91
1097.86
1097.89
1098
1098.18
1098.36
1098.52
1098.75
1099.03
1099.16
1099.1
1098.9
1098.63
1098.37
1098.07
1097.76
1097.39
1096.87
1096.2
1095.58
1095.1
1094.7
1094.34
1093.92
1093.52
1093.09
1092.62
1092.14
1091.7
1091.26
1090.81
1090.33
1089.79
1089.29
1088.78
1088.3
1087.8
1087.31
1086.78
1086.35
1085.93
1085.55
1085.18
1084.77
1084.34
1083.94
1083.58
1083.2
1082.84
1082.37
1081.86
1081.31
1080.74
1080.17
1079.63
1079.19
1078.72
1078.24
1077.77
1077.41
1077.12
1076.87
1076.64
1076.44
1076.22
1075.85
1075.53
1075.23
1074.96
1074.63
1074.28
1073.96
1073.68
1073.43
1075.53
1079.25
1085.38
1092.19
1096.68
1099.49
1101.71
1103.69
1105.46
1107.07
1106.25
1103.72
1098.62
1092.81
1089.26
1088.16
1088.49
1089.48
1090.94
1092.75
1095.02
1097.54
1100.37
1103.06
1105.42
1106.93
1107.43
1107.45
1107.31
1106.99
1106.37
1105.62
1104.7
1103.91
1103.54
1103.31
1103.32
1103.31
1103.27
1103.26
1103.28
1103.42
1103.58
1103.82
1104.04
1104.22
1104.35
1104.49
1104.64
1104.74
1104.79
1104.74
1104.73
1104.63
1104.62
1104.58
1104.61
1104.78
1104.96
1105.14
1105.27
1105.45
1105.54
1106.21
1107.61
1109.23
1110.59
1111.9
1113.18
1114.59
1116.1
1117.58
1119.25
1120.42
1120.72
1120.79
1121.14
1121.45
1121.71
1121.97
1122.11
1122.2
1122.26
1122.24
1122.16
1121.42
1120.26
1119.05
1117.8
1116.41
1114.98
1113.61
1112.12
1110.64
1109.18
1108.41
1107.86
1107.04
1105.96
1105.3
1104.83
1103.89
1102.58
1100.78
1098.49
1095.83
1092.89
1089.91
1086.97
1083.37
1079.43
1075.66
1072.06
1068.83
1066
1063.43
1061.07
1058.91
1056.85
1054.88
1052.96
1051.18
1049.38
1047.67
1046.15
1044.51
1042.78
1041.04
1039.38
1037.74
1036.17
1034.53
1032.95
1031.37
1029.65
1028.07
1026.7
1025.4
1024.15
1022.95
1021.81
1020.67
1019.62
1018.58
1017.51
1016.41
1015.26
1014.13
1012.94
1011.91
1010.84
1009.9
1008.84
1007.79
1006.79
1005.84
1004.96
1004.01
1003.16
1002.2
1001.21
1000.24
999.3
998.46
1001.21
1006.59
1012.95
1021.15
1029.74
1037.75
1046.07
1054.54
1063
1072.03
1077.92
1080.12
1081.62
1081.58
1080.3
1079.28
1077.76
1076.07
1074.65
1073.03
1070.95
1070.01
1068.89
1067.89
1067.87
1068.28
1069.14
1069.96
1070.77
1071.28
1071.87
1072.66
1073.42
1074.24
1075.21
1076.29
1077.39
1078.65
1079.93
1081.1
1082.54
1083.85
1085.46
1086.81
1087.95
1089.18
1090.24
1091.28
1092.31
1093.44
1094.49
1095.58
1096.39
1097.24
1098.11
1098.73
1099.55
1100.53
1101.47
1102.4
1103.35
1104.3
1105.37
1106.45
1107.54
1108.93
1110.23
1111.4
1112.62
1113.96
1115.16
1116.38
1117.49
1118.9
1120.43
1121.47
1122.5
1123.68
1125.03
1126.29
1127.72
1129.4
1131.05
1132.53
1134.05
1135.16
1136.38
1137.54
1138.56
1139.62
1140.54
1141.24
1141.93
1142.54
1142.98
1144.06
1144.97
1145.8
1146.44
1147.05
1147.65
1148.12
1148.65
1149
1149.24
1149.39
1149.57
1149.82
1150.05
1150.2
1150.33
1150.47
1150.39
1150.31
1150.35
1150.39
1150.25
1149.94
1149.79
1149.62
1149.48
1149.31
1149.32
1149.47
1149.61
1149.8
1150.09
1150.42
1150.77
1151.12
1151.46
1151.89
1152.4
1152.86
1153.51
1155.08
1156.83
1158.57
1160.25
1161.91
1163.59
1165.05
1166.59
1168.01
1168.87
1169.11
1169.3
1169.46
1169.47
1169.79
1169.99
1170
1170.03
1169.81
1170.01
1169.52
1168.28
1167.02
1165.81
1164.33
1162.84
1161.74
1159.56
1157.13
1154.37
1151.58
1149.38
1147.21
1144.9
1142.53
1140.12
1137.51
1135.64
1134.28
1133.23
1132.5
1131.67
1131.11
1131.19
1131.67
1132.44
1133.52
1134.8
1136.23
1137.6
1139.1
1140.75
1142.14
1143.19
1143.96
1144.59
1145
1145.38
1145.66
1145.89
1146.11
1146.31
1146.56
1146.73
1146.79
1146.82
1146.87
1146.86
1146.86
1146.89
1146.87
1146.87
1146.77
1146.65
1146.51
1146.34
1146.16
1146.03
1145.9
1145.77
1145.69
1145.71
1145.7
1145.67
1145.69
1145.75
1145.81
1145.84
1145.84
1145.8
1145.75
1145.65
1145.69
1145.78
1145.84
1145.85
1145.84
1145.84
1145.82
1145.81
1145.75
1145.65
1145.47
1145.28
1145.1
1144.91
1144.75
1144.56
1144.45
1144.34
1144.28
1144.22
1144.19
1144.15
1144.08
1144.14
1144.17
1144.24
1144.29
1143.37
1141.85
1140.2
1138.58
1137.02
1135.71
1134.56
1133.58
1132.66
1132.31
1133.31
1135.07
1137.14
1139.27
1141.47
1143.59
1145.58
1147.46
1149.26
1150.55
1151.46
1152.19
1152.68
1152.92
1153.11
1153.23
1153.26
1153.26
1153.33
1153.25
1153.22
1153.16
1153.2
1153.37
1153.51
1153.61
1153.65
1153.73
1153.62
1152.82
1151.82
1150.84
1149.76
1148.65
1147.47
1146.17
1144.91
1143.58
1142.67
1142.52
1142.59
1142.68
1142.88
1143.12
1143.34
1143.62
1143.87
1144.15
1143.9
1143.81
1143.61
1143.42
1143.18
1142.6
1141.91
1141.95
1142.03
1142.26
1142.76
1143.14
1143.59
1144.04
1144.53
1145.36
1146.3
1146.58
1146.77
1146.91
1146.98
1146.95
1146.79
1146.62
1146.22
1145.79
1145.2
1144.51
1144.17
1143.79
1143.29
1143.04
1142.87
1142.69
1142.4
1142.37
1142.24
1142.36
1141.99
1141.46
1141.06
1140.51
1139.87
1139.15
1139.02
1138.18
1138.04
1137.52
1137.24
1136.88
1136.76
1136.56
1136.35
1136.21
1135.69
1135.64
1135.26
1134.88
1134.39
1134.17
1133.67
1133.08
1132.55
1132.08
1131.75
1131.28
1130.65
1130.23
1129.88
1129.48
1128.96
1128.48
1128.04
1127.43
1126.7
1126.18
1125.52
1125.04
1124.64
1124.24
1123.65
1123.24
1122.65
1122.24
1121.86
1121.62
1121.81
1121.95
1122.05
1122.06
1122.45
1122.81
1123.26
1123.72
1124.13
1124.36
1124.43
1124.29
1124.07
1123.88
1123.48
1123.05
1122.65
1122.16
1121.77
1121.26
1120.74
1120.22
1119.61
1119.08
1118.63
1118.1
1117.34
1116.54
1115.64
1114.78
1113.89
1112.94
1112.07
1111.12
1110.31
1109.59
1109.13
1108.69
1108.29
1107.81
1107.28
1106.92
1106.51
1106.02
1105.48
1104.62
1103.78
1102.88
1101.9
1101.09
1100.13
1098.97
1097.49
1095.6
1095.05
1094.79
1094.35
1093.76
1093.08
1092.19
1091.21
1090.16
1089.27
1088.7
1086.59
1084.18
1081.77
1079.44
1077.27
1075
1072.68
1070.31
1067.98
1065.64
1063.3
1061
1058.67
1056.29
1053.71
1051.21
1048.82
1046.53
1044.27
1042.02
1039.81
1037.67
1035.58
1033.55
1031.63
1029.76
1027.94
1026.12
1024.32
1022.58
1020.88
1018.97
1016.91
1015.37
1015.18
1015.52
1016.15
1017.17
1018.44
1019.87
1021.47
1023.64
1025.98
1028.74
1030.26
1031.42
1032.6
1033.75
1034.7
1035.63
1036.62
1037.46
1038.23
1038.44
1038.71
1038.78
1038.82
1038.67
1038.59
1038.29
1038.01
1037.8
1037.81
1037.56
1037.29
1036.95
1036.59
1036.27
1036.06
1036.07
1035.86
1035.45
1034.98
1034.62
1034.3
1034.22
1033.69
1033.39
1032.87
1032.26
1031.59
1031.26